150 60.10666666666667
201 54.243781094527364
194 54.896907216494846
183 55.79234972677595
108 62.98148148148148
162 60.098765432098766
162 54.0
146 60.60958904109589
148 58.28378378378378
163 57.190184049079754
207 54.971014492753625
198 53.64141414141414
195 53.11794871794872
163 60.79141104294479
137 62.175182481751825
157 57.445859872611464
132 58.52272727272727
143 60.99300699300699
110 59.77272727272727
177 56.51977401129943
160 59.9375
182 57.7032967032967
162 60.901234567901234
139 61.669064748201436
117 60.56410256410256
185 56.832432432432434
206 58.713592233009706
247 50.73279352226721
152 59.74342105263158
151 58.01324503311258
117 65.21367521367522
156 58.217948717948715
159 56.79245283018868
218 50.72018348623853
203 50.86699507389162
196 55.16836734693877
123 63.609756097560975
187 57.72192513368984
162 60.96913580246913
129 59.689922480620154
57 72.57894736842105
107 58.66355140186916
92 59.92391304347826
91 62.83516483516483
110 57.61818181818182
113 58.1858407079646
62 64.5
89 60.8876404494382
91 56.967032967032964
110 59.32727272727273
113 53.10619469026549
65 67.76923076923077
79 58.278481012658226
63 69.52380952380952
88 60.94318181818182
98 53.83673469387755
79 59.67088607594937
88 64.44318181818181
77 61.5974025974026
70 67.02857142857142
74 63.7027027027027
106 53.54716981132076
60 71.53333333333333
78 60.205128205128204
64 64.375
71 55.521126760563384
96 55.53125
81 58.53086419753087
65 62.261538461538464
109 55.522935779816514
66 65.51515151515152
55 69.67272727272727
71 65.95774647887323
79 59.0253164556962
75 58.413333333333334
59 57.59322033898305
79 58.54430379746835
35 86.6
53 65.0754716981132
64 63.375
51 75.07843137254902
80 60.025
51 72.11764705882354
71 59.88732394366197
72 61.833333333333336
48 69.5625
53 71.50943396226415
101 52.68316831683168
72 56.30555555555556
57 63.3859649122807
55 76.69090909090909
56 70.28571428571429
53 64.0
52 64.76923076923077
64 62.796875
63 72.01587301587301
50 70.18
48 64.85416666666667
52 67.86538461538461
64 56.359375
60 69.33333333333333
60 62.43333333333333
57 64.0701754385965
51 67.6078431372549
59 69.0677966101695
54 63.25925925925926
62 54.596774193548384
57 61.87719298245614
48 74.375
78 60.23076923076923
40 66.875
82 52.170731707317074
52 73.03846153846153
55 60.70909090909091
40 63.925
66 59.75757575757576
47 69.63829787234043
51 64.74509803921569
34 89.55882352941177
50 67.2
53 62.528301886792455
61 57.21311475409836
51 70.3921568627451
49 76.10204081632654
72 61.47222222222222
55 65.96363636363637
51 69.01960784313725
59 58.45762711864407
62 59.87096774193548
55 51.872727272727275
48 53.333333333333336
51 65.90196078431373
63 60.523809523809526
53 68.49056603773585
35 72.05714285714286
69 53.927536231884055
72 56.25
61 58.704918032786885
55 56.69090909090909
53 61.35849056603774
60 56.95
66 56.71212121212121
42 74.0
55 60.85454545454545
34 83.52941176470588
49 60.57142857142857
57 57.36842105263158
59 60.220338983050844
58 55.43103448275862
52 64.07692307692308
46 70.15217391304348
47 68.0
52 57.19230769230769
45 65.97777777777777
43 74.5813953488372
40 64.825
47 56.12765957446808
48 70.1875
54 61.851851851851855
41 62.390243902439025
50 50.1
56 54.964285714285715
45 63.13333333333333
51 56.11764705882353
40 62.65
56 66.89285714285714
43 66.51162790697674
52 65.84615384615384
39 78.64102564102564
33 79.18181818181819
58 56.13793103448276
54 56.592592592592595
55 65.36363636363636
51 67.86274509803921
37 59.54054054054054
39 69.48717948717949
50 56.74
49 70.28571428571429
44 68.52272727272727
46 62.69565217391305
50 53.7
48 55.166666666666664
46 59.43478260869565
40 74.25
40 69.025
47 58.659574468085104
55 55.89090909090909
44 64.4090909090909
56 55.75
62 55.25806451612903
40 62.325
47 66.14893617021276
48 60.625
54 62.96296296296296
29 75.17241379310344
22 95.5909090909091
46 64.71739130434783
52 54.01923076923077
46 67.6304347826087
51 64.7843137254902
27 73.03703703703704
39 61.17948717948718
50 58.16
46 59.78260869565217
44 66.22727272727273
24 68.54166666666667
39 57.58974358974359
44 52.72727272727273
33 90.93939393939394
44 75.9090909090909
54 58.092592592592595
35 72.71428571428571
47 61.46808510638298
54 63.68518518518518
54 57.111111111111114
38 71.84210526315789
38 64.42105263157895
31 62.16129032258065
53 57.64150943396226
45 55.24444444444445
53 53.094339622641506
34 75.88235294117646
65 47.53846153846154
41 73.02439024390245
36 71.83333333333333
38 66.39473684210526
41 47.63414634146341
44 52.59090909090909
45 61.577777777777776
38 72.6842105263158
30 72.93333333333334
49 61.714285714285715
49 54.08163265306123
44 60.27272727272727
33 63.45454545454545
39 76.8974358974359
37 68.97297297297297
46 53.06521739130435
40 58.425
42 54.45238095238095
51 50.90196078431372
38 66.97368421052632
44 58.27272727272727
41 63.97560975609756
46 59.91304347826087
44 68.20454545454545
40 61.45
52 56.59615384615385
39 55.15384615384615
33 66.54545454545455
33 75.45454545454545
46 70.5
44 60.43181818181818
29 75.48275862068965
30 72.4
38 58.76315789473684
35 61.4
33 52.0
38 60.473684210526315
32 66.875
30 69.53333333333333
34 65.97058823529412
42 61.30952380952381
48 54.645833333333336
35 73.14285714285714
44 60.38636363636363
32 61.21875
53 56.22641509433962
39 60.8974358974359
38 71.8157894736842
34 65.41176470588235
38 56.68421052631579
47 50.255319148936174
33 67.84848484848484
24 75.375
40 56.95
49 46.83673469387755
51 56.333333333333336
26 78.46153846153847
44 51.90909090909091
32 66.71875
31 63.58064516129032
35 69.37142857142857
41 59.80487804878049
29 82.0
36 71.97222222222223
39 59.35897435897436
34 67.61764705882354
34 73.52941176470588
34 62.76470588235294
30 78.16666666666667
32 72.3125
27 86.48148148148148
40 69.325
34 54.529411764705884
32 76.71875
31 73.7741935483871
27 72.48148148148148
27 86.55555555555556
47 55.38297872340426
35 56.2
49 56.16326530612245
42 55.642857142857146
26 82.88461538461539
36 57.94444444444444
29 74.20689655172414
37 54.32432432432432
36 57.77777777777778
35 60.142857142857146
45 57.022222222222226
31 81.93548387096774
42 56.785714285714285
36 51.5
32 66.5
28 81.07142857142857
28 75.82142857142857
50 49.54
35 69.02857142857142
30 70.7
30 66.26666666666667
26 82.07692307692308
30 66.1
26 79.61538461538461
31 65.7741935483871
39 66.53846153846153
28 72.14285714285714
31 74.03225806451613
37 53.567567567567565
37 65.75675675675676
32 91.75
37 53.67567567567568
28 53.714285714285715
30 75.86666666666666
33 51.303030303030305
41 52.21951219512195
39 45.07692307692308
34 76.11764705882354
38 61.28947368421053
42 56.404761904761905
27 54.44444444444444
33 61.121212121212125
30 68.76666666666667
34 55.794117647058826
25 95.16
33 66.60606060606061
32 70.0625
28 69.42857142857143
44 65.04545454545455
35 67.8
29 67.37931034482759
33 61.81818181818182
31 65.3225806451613
32 81.75
40 54.475
26 67.07692307692308
37 76.56756756756756
30 58.333333333333336
36 55.55555555555556
29 66.65517241379311
27 79.18518518518519
34 65.73529411764706
29 69.51724137931035
31 80.70967741935483
33 60.81818181818182
35 70.2
39 64.07692307692308
37 61.21621621621622
31 64.6774193548387
47 53.02127659574468
30 73.66666666666667
28 66.92857142857143
35 49.08571428571429
29 61.48275862068966
27 81.25925925925925
31 77.45161290322581
36 67.88888888888889
33 56.84848484848485
29 69.10344827586206
29 69.65517241379311
29 49.03448275862069
25 63.44
31 65.25806451612904
32 67.4375
29 65.37931034482759
29 58.62068965517241
36 58.02777777777778
24 78.125
28 64.89285714285714
35 51.457142857142856
36 58.5
39 48.41025641025641
33 64.48484848484848
28 64.17857142857143
24 78.66666666666667
37 53.027027027027025
36 48.638888888888886
37 51.13513513513514
32 65.1875
37 47.4054054054054
29 71.41379310344827
34 62.088235294117645
31 58.225806451612904
33 60.63636363636363
36 65.30555555555556
29 69.89655172413794
27 66.77777777777777
32 54.25
27 74.25925925925925
32 56.9375
35 53.628571428571426
24 82.54166666666667
28 69.67857142857143
37 56.37837837837838
25 80.84
27 66.5925925925926
25 94.72
22 91.72727272727273
26 66.6923076923077
26 72.1923076923077
31 69.58064516129032
34 70.8529411764706
30 48.4
42 57.523809523809526
25 56.68
27 64.62962962962963
27 70.03703703703704
34 55.911764705882355
27 63.48148148148148
27 50.96296296296296
22 75.95454545454545
27 62.22222222222222
31 50.87096774193548
28 63.42857142857143
26 66.3076923076923
30 51.7
31 54.41935483870968
29 70.37931034482759
30 65.23333333333333
21 81.28571428571429
27 91.25925925925925
28 69.32142857142857
30 69.36666666666666
29 66.89655172413794
31 53.064516129032256
26 69.42307692307692
31 52.25806451612903
25 81.4
30 59.666666666666664
33 60.484848484848484
35 48.885714285714286
26 52.53846153846154
26 63.03846153846154
30 70.16666666666667
28 72.53571428571429
23 65.08695652173913
26 57.5
22 97.81818181818181
24 54.458333333333336
30 68.7
27 84.96296296296296
33 57.36363636363637
26 62.88461538461539
25 79.88
34 74.5
29 65.51724137931035
27 60.0
25 73.0
29 54.93103448275862
26 59.07692307692308
25 79.16
27 60.96296296296296
29 61.275862068965516
28 76.53571428571429
27 75.33333333333333
31 47.61290322580645
26 73.76923076923077
34 56.14705882352941
24 66.54166666666667
31 59.74193548387097
28 63.857142857142854
29 55.758620689655174
31 62.45161290322581
23 66.65217391304348
28 62.892857142857146
23 79.3913043478261
26 71.6923076923077
29 56.41379310344828
27 67.29629629629629
26 58.57692307692308
26 77.57692307692308
25 89.16
31 64.61290322580645
28 56.17857142857143
31 54.83870967741935
25 50.84
31 62.516129032258064
22 77.31818181818181
26 69.42307692307692
26 73.5
28 73.39285714285714
31 58.87096774193548
27 66.44444444444444
27 60.44444444444444
34 52.529411764705884
26 61.96153846153846
31 50.29032258064516
28 55.92857142857143
26 54.03846153846154
27 47.592592592592595
32 68.96875
24 74.41666666666667
32 67.15625
20 75.4
25 59.6
29 69.34482758620689
27 60.22222222222222
26 85.15384615384616
29 54.93103448275862
22 67.95454545454545
28 69.14285714285714
28 59.17857142857143
31 40.45161290322581
22 69.68181818181819
27 60.96296296296296
25 81.84
27 68.33333333333333
28 59.607142857142854
34 78.23529411764706
24 66.95833333333333
27 69.48148148148148
27 57.81481481481482
25 79.64
27 59.55555555555556
29 59.51724137931034
25 71.36
27 60.111111111111114
26 68.15384615384616
28 67.35714285714286
23 79.43478260869566
27 54.370370370370374
23 48.47826086956522
31 54.806451612903224
27 60.2962962962963
33 51.0
29 42.310344827586206
25 66.96
20 80.45
27 60.629629629629626
23 84.1304347826087
23 71.69565217391305
23 56.65217391304348
30 47.9
28 69.89285714285714
25 68.88
30 63.06666666666667
26 82.65384615384616
26 69.42307692307692
23 64.21739130434783
23 74.04347826086956
25 51.12
26 58.57692307692308
25 57.36
24 88.5
23 82.0
25 76.64
23 70.34782608695652
26 64.0
24 77.25
27 61.03703703703704
27 49.074074074074076
23 73.1304347826087
26 66.07692307692308
27 60.81481481481482
23 63.73913043478261
29 52.0
23 76.26086956521739
25 62.36
27 63.888888888888886
31 60.03225806451613
30 46.333333333333336
25 76.48
24 83.29166666666667
24 53.583333333333336
26 82.34615384615384
26 60.15384615384615
25 71.72
26 66.3076923076923
28 54.142857142857146
21 78.71428571428571
29 65.55172413793103
29 63.55172413793103
24 58.416666666666664
22 74.95454545454545
23 63.08695652173913
25 77.56
24 68.375
23 73.3913043478261
25 71.2
28 69.21428571428571
23 84.30434782608695
25 50.12
28 53.785714285714285
23 65.0
26 65.34615384615384
27 65.96296296296296
27 69.25925925925925
21 86.71428571428571
25 67.68
23 79.3913043478261
23 64.21739130434783
24 47.5
23 64.73913043478261
28 53.57142857142857
23 69.95652173913044
28 48.285714285714285
24 52.125
24 55.625
23 51.869565217391305
28 58.57142857142857
25 50.64
26 60.53846153846154
20 72.55
28 65.53571428571429
22 59.18181818181818
23 66.26086956521739
23 59.608695652173914
25 64.6
30 51.46666666666667
21 96.9047619047619
27 42.629629629629626
21 71.71428571428571
24 68.41666666666667
23 53.869565217391305
28 46.392857142857146
25 72.12
24 66.95833333333333
23 64.47826086956522
24 66.5
25 76.72
26 61.88461538461539
24 55.916666666666664
30 78.23333333333333
28 60.75
26 43.07692307692308
22 54.18181818181818
26 76.1923076923077
27 60.22222222222222
23 78.43478260869566
25 52.12
21 57.142857142857146
22 81.0909090909091
21 67.52380952380952
23 63.0
27 46.03703703703704
26 53.11538461538461
23 62.869565217391305
26 67.23076923076923
27 52.03703703703704
23 52.78260869565217
21 82.23809523809524
21 77.42857142857143
23 73.3913043478261
26 64.15384615384616
24 68.45833333333333
25 49.12
24 77.75
27 68.11111111111111
23 81.65217391304348
21 64.0952380952381
27 64.96296296296296
27 58.629629629629626
21 69.0952380952381
26 71.61538461538461
24 69.375
21 61.04761904761905
21 68.95238095238095
30 63.666666666666664
30 61.766666666666666
23 45.73913043478261
22 69.18181818181819
21 64.47619047619048
20 59.85
24 74.58333333333333
23 47.95652173913044
24 59.625
24 53.583333333333336
23 64.43478260869566
24 58.208333333333336
27 48.370370370370374
21 67.76190476190476
29 48.55172413793103
24 42.875
24 70.5
21 80.95238095238095
28 53.857142857142854
25 74.8
24 69.20833333333333
23 75.6086956521739
28 66.75
23 58.08695652173913
21 47.23809523809524
24 74.16666666666667
25 85.16
21 92.61904761904762
36 51.80555555555556
20 93.75
25 61.04
23 49.17391304347826
24 68.41666666666667
23 63.43478260869565
25 49.2
19 62.89473684210526
22 76.04545454545455
25 65.4
26 61.5
24 73.58333333333333
22 59.86363636363637
23 64.26086956521739
22 80.5
24 63.458333333333336
25 63.6
21 62.80952380952381
24 58.958333333333336
24 63.0
21 70.61904761904762
21 71.80952380952381
23 84.52173913043478
23 55.608695652173914
23 77.52173913043478
24 76.70833333333333
24 50.666666666666664
23 58.608695652173914
27 62.851851851851855
22 74.77272727272727
22 61.5
24 71.95833333333333
18 68.22222222222223
23 66.17391304347827
25 59.24
23 74.21739130434783
23 70.0
23 73.6086956521739
25 65.88
22 70.54545454545455
21 63.857142857142854
24 59.208333333333336
28 49.035714285714285
21 66.80952380952381
22 67.63636363636364
20 86.7
23 68.47826086956522
24 67.875
30 54.1
21 70.33333333333333
23 77.47826086956522
22 71.95454545454545
25 60.92
20 90.5
25 52.76
21 73.76190476190476
23 73.82608695652173
26 68.07692307692308
23 64.08695652173913
21 64.57142857142857
23 62.21739130434783
24 64.25
20 79.0
21 51.80952380952381
21 94.95238095238095
22 86.31818181818181
20 71.55
24 69.375
20 75.0
23 71.17391304347827
23 80.30434782608695
19 79.73684210526316
21 76.0952380952381
22 93.68181818181819
21 64.38095238095238
22 57.13636363636363
25 62.72
23 62.391304347826086
21 85.23809523809524
22 64.5909090909091
22 78.13636363636364
22 87.4090909090909
24 54.958333333333336
22 60.36363636363637
22 76.77272727272727
21 53.61904761904762
23 64.3913043478261
22 52.36363636363637
24 75.29166666666667
21 59.61904761904762
26 46.5
20 69.8
27 42.925925925925924
23 71.21739130434783
20 58.75
22 45.81818181818182
21 62.61904761904762
22 53.0
20 85.75
21 49.57142857142857
18 66.94444444444444
22 51.54545454545455
20 61.9
20 78.85
23 72.30434782608695
18 83.44444444444444
20 66.6
21 72.9047619047619
22 62.18181818181818
20 79.45
22 60.72727272727273
20 51.8
19 54.89473684210526
23 67.69565217391305
22 61.09090909090909
21 57.80952380952381
20 69.65
20 71.45
20 70.2
22 66.95454545454545
22 73.77272727272727
21 68.66666666666667
24 61.875
20 52.6
20 93.2
24 60.875
23 56.91304347826087
22 52.59090909090909
23 60.95652173913044
19 75.73684210526316
20 79.25
22 64.45454545454545
23 61.17391304347826
19 77.63157894736842
22 73.72727272727273
20 79.9
20 65.9
21 69.23809523809524
22 68.22727272727273
23 54.52173913043478
23 68.30434782608695
20 65.85
21 64.28571428571429
24 61.416666666666664
20 88.95
25 46.24
22 62.68181818181818
21 81.85714285714286
19 71.3157894736842
22 63.09090909090909
21 63.76190476190476
20 77.15
23 44.04347826086956
20 89.15
21 64.19047619047619
20 63.4
20 49.1
21 70.52380952380952
19 76.6842105263158
23 55.82608695652174
22 79.27272727272727
20 78.4
22 68.5909090909091
23 58.34782608695652
21 47.476190476190474
21 87.95238095238095
26 70.5
21 82.14285714285714
22 62.81818181818182
21 78.61904761904762
25 48.24
22 58.81818181818182
20 64.1
20 54.9
21 82.0952380952381
22 64.5
22 52.68181818181818
22 56.81818181818182
20 68.35
20 43.3
21 56.95238095238095
21 50.857142857142854
21 59.04761904761905
20 69.2
20 67.25
18 56.611111111111114
21 63.285714285714285
21 48.714285714285715
20 54.2
20 52.55
18 57.22222222222222
22 69.86363636363636
23 42.43478260869565
20 81.55
19 58.94736842105263
22 57.86363636363637
20 64.15
19 68.42105263157895
18 76.94444444444444
21 65.38095238095238
22 37.5
20 53.05
19 87.3157894736842
20 51.5
22 72.13636363636364
21 58.95238095238095
21 68.0
21 41.19047619047619
20 60.85
22 52.31818181818182
20 75.65
19 67.15789473684211
20 63.85
21 68.28571428571429
20 52.1
18 34.72222222222222
22 68.5909090909091
21 51.142857142857146
20 59.9
19 58.78947368421053
19 57.89473684210526
20 61.75
20 54.65
22 65.5
20 63.95
24 48.375
21 86.95238095238095
20 46.4
18 57.22222222222222
21 56.285714285714285
21 61.38095238095238
19 92.84210526315789
20 70.55
23 80.82608695652173
21 69.66666666666667
21 42.333333333333336
20 56.65
21 47.666666666666664
23 63.869565217391305
21 47.476190476190474
20 63.05
20 59.1
20 59.7
23 53.0
20 40.45
20 79.4
20 56.55
19 89.78947368421052
20 74.3
21 55.095238095238095
19 50.73684210526316
21 75.47619047619048
20 66.85
20 62.95
20 86.15
20 62.2
20 70.0
19 72.63157894736842
19 78.3157894736842
20 64.0
20 61.35
20 65.4
20 72.35
20 94.3
18 69.05555555555556
20 71.95
20 45.2
20 86.85
20 52.05
20 74.4
19 59.526315789473685
20 73.05
20 65.25
20 64.9
21 85.14285714285714
20 91.3
20 52.35
19 90.78947368421052
20 59.3
20 88.55
19 65.57894736842105
19 72.26315789473684
21 63.904761904761905
20 52.35
20 71.95
20 72.15
20 62.2
20 67.85
20 81.4
19 66.52631578947368
20 67.25
20 70.95
20 67.55
19 86.05263157894737
20 79.5
20 54.3
