11 10.818181818181818
5 11.8
9 9.777777777777779
14 11.142857142857142
6 8.666666666666666
3 10.0
5 13.4
5 10.2
11 9.909090909090908
9 10.0
8 10.875
5 12.4
13 9.846153846153847
11 10.363636363636363
5 11.4
6 9.5
8 11.5
8 10.125
9 10.666666666666666
21 11.0
12 10.916666666666666
7 11.428571428571429
11 9.454545454545455
6 12.666666666666666
10 9.4
14 11.0
15 9.8
10 9.3
19 12.105263157894736
3 11.666666666666666
9 9.222222222222221
14 11.714285714285714
6 10.166666666666666
10 9.0
10 10.1
6 12.5
10 8.8
9 11.11111111111111
7 11.571428571428571
5 11.8
13 10.846153846153847
9 11.444444444444445
15 10.733333333333333
11 9.909090909090908
14 10.142857142857142
15 12.466666666666667
13 10.307692307692308
16 11.75
18 11.666666666666666
10 12.5
8 9.75
6 12.666666666666666
9 9.777777777777779
11 10.272727272727273
12 11.083333333333334
11 12.181818181818182
14 12.214285714285714
11 9.727272727272727
9 11.333333333333334
8 12.75
11 11.090909090909092
14 11.857142857142858
10 10.1
2 12.5
13 10.76923076923077
12 12.75
4 9.5
16 12.125
8 12.25
11 12.181818181818182
5 11.4
6 9.833333333333334
7 10.0
9 13.666666666666666
8 11.25
10 12.1
10 11.9
11 12.181818181818182
6 11.333333333333334
7 10.142857142857142
14 10.428571428571429
11 11.545454545454545
7 11.714285714285714
8 12.375
7 11.857142857142858
8 9.5
9 12.0
8 10.5
10 12.4
16 11.625
15 11.0
10 9.8
8 10.5
10 11.1
11 8.727272727272727
10 9.7
6 10.666666666666666
9 11.0
9 11.444444444444445
12 10.333333333333334
7 10.142857142857142
12 10.416666666666666
12 10.25
9 11.222222222222221
14 11.357142857142858
14 10.214285714285714
11 9.363636363636363
12 10.916666666666666
8 12.0
11 11.272727272727273
4 10.5
9 12.11111111111111
11 11.181818181818182
11 11.090909090909092
7 13.285714285714286
3 10.0
6 9.833333333333334
10 10.8
9 10.88888888888889
11 10.727272727272727
12 11.083333333333334
10 10.4
13 10.23076923076923
12 11.0
8 10.5
9 10.0
6 10.666666666666666
12 11.5
10 12.5
17 11.058823529411764
12 11.166666666666666
3 12.0
9 12.0
12 11.75
10 11.7
8 12.625
7 10.857142857142858
10 11.7
12 11.0
10 12.1
5 13.2
7 12.142857142857142
9 10.0
6 10.333333333333334
12 10.916666666666666
8 9.125
12 12.333333333333334
14 12.571428571428571
6 11.5
9 12.444444444444445
15 11.0
8 11.0
12 11.5
9 8.88888888888889
12 11.75
8 10.375
11 9.272727272727273
11 11.363636363636363
13 10.23076923076923
9 10.88888888888889
10 11.4
12 10.5
12 12.5
2 10.0
15 11.466666666666667
18 10.88888888888889
9 11.333333333333334
4 12.5
11 11.090909090909092
7 9.857142857142858
8 13.25
9 8.777777777777779
10 10.0
10 11.4
11 10.818181818181818
8 9.25
11 10.181818181818182
7 9.285714285714286
10 9.8
7 12.428571428571429
9 10.333333333333334
14 11.785714285714286
14 10.642857142857142
10 13.2
6 11.333333333333334
8 10.5
8 11.875
12 10.25
9 12.11111111111111
11 11.272727272727273
15 10.6
14 11.071428571428571
15 11.266666666666667
11 12.636363636363637
14 11.5
8 11.125
11 9.363636363636363
10 10.5
9 10.666666666666666
8 11.25
6 11.166666666666666
10 13.3
7 11.571428571428571
6 10.166666666666666
14 11.642857142857142
8 11.5
12 10.416666666666666
9 10.333333333333334
10 9.2
10 11.5
7 12.428571428571429
12 10.916666666666666
11 12.181818181818182
9 9.88888888888889
11 12.0
7 9.857142857142858
14 10.714285714285714
14 11.285714285714286
10 12.3
14 11.928571428571429
8 9.125
12 11.25
4 11.75
16 10.6875
11 9.545454545454545
7 11.714285714285714
12 10.916666666666666
15 11.333333333333334
17 11.529411764705882
12 11.666666666666666
4 11.0
11 9.272727272727273
12 9.916666666666666
10 11.4
12 9.666666666666666
12 12.083333333333334
11 11.181818181818182
11 9.818181818181818
12 12.0
15 11.466666666666667
10 9.7
14 11.5
14 11.285714285714286
10 11.9
9 9.555555555555555
12 10.583333333333334
11 11.363636363636363
8 12.125
10 10.5
16 11.1875
9 11.88888888888889
17 11.0
12 10.25
10 11.1
14 11.357142857142858
6 11.833333333333334
9 13.333333333333334
14 11.357142857142858
10 10.3
10 10.6
8 10.25
4 8.25
9 11.555555555555555
13 10.76923076923077
14 12.071428571428571
8 11.125
11 12.0
12 11.0
13 10.76923076923077
6 10.166666666666666
12 11.166666666666666
8 11.0
12 10.833333333333334
18 10.444444444444445
10 12.4
6 13.0
8 11.5
12 11.25
9 10.333333333333334
8 10.875
6 10.666666666666666
9 12.0
11 11.545454545454545
10 12.9
10 10.8
9 11.333333333333334
14 10.928571428571429
10 11.4
18 9.555555555555555
12 10.25
4 14.0
11 10.909090909090908
6 11.0
14 11.214285714285714
7 9.571428571428571
9 11.11111111111111
11 11.181818181818182
14 10.785714285714286
7 12.285714285714286
10 11.4
9 11.333333333333334
8 11.5
11 10.454545454545455
10 11.6
9 9.88888888888889
14 11.642857142857142
14 10.285714285714286
9 10.88888888888889
6 11.5
15 10.6
11 11.0
10 11.7
5 11.6
6 11.333333333333334
10 8.4
12 10.25
14 10.357142857142858
8 11.875
10 10.5
11 11.272727272727273
8 11.125
8 10.75
12 11.666666666666666
10 10.3
9 12.444444444444445
11 12.0
5 10.6
9 12.666666666666666
10 10.2
9 10.555555555555555
15 9.666666666666666
7 12.428571428571429
11 10.818181818181818
10 11.9
9 9.333333333333334
17 11.411764705882353
14 11.0
8 10.625
16 11.3125
9 12.444444444444445
4 9.5
9 10.666666666666666
9 10.11111111111111
7 10.0
14 9.642857142857142
12 11.333333333333334
14 12.0
8 11.5
10 11.4
13 10.23076923076923
10 8.1
14 11.142857142857142
11 9.272727272727273
11 11.363636363636363
7 11.571428571428571
13 11.384615384615385
9 9.777777777777779
14 9.428571428571429
15 10.533333333333333
9 11.88888888888889
7 12.0
11 10.909090909090908
13 11.153846153846153
9 12.555555555555555
10 10.7
13 12.0
15 9.866666666666667
13 11.307692307692308
7 11.857142857142858
6 9.666666666666666
12 10.75
11 10.545454545454545
9 10.0
7 10.142857142857142
13 11.23076923076923
11 11.818181818181818
10 11.9
9 10.777777777777779
11 12.363636363636363
12 11.166666666666666
12 11.166666666666666
7 11.857142857142858
8 11.875
8 11.125
12 9.583333333333334
6 11.5
8 10.625
7 11.857142857142858
13 12.23076923076923
5 13.4
5 9.2
16 10.75
12 12.083333333333334
11 9.454545454545455
10 11.6
14 11.857142857142858
8 11.875
8 11.25
5 10.2
8 10.75
9 13.222222222222221
12 11.833333333333334
9 9.88888888888889
11 10.818181818181818
14 11.428571428571429
12 10.75
11 11.0
8 11.375
16 11.1875
8 10.0
12 10.583333333333334
7 12.571428571428571
7 12.0
10 11.5
7 11.428571428571429
11 11.272727272727273
8 12.125
8 13.375
8 10.875
6 9.5
11 11.181818181818182
7 13.0
9 12.222222222222221
8 10.5
8 11.625
4 10.0
9 11.777777777777779
6 12.0
9 12.666666666666666
4 11.0
9 13.666666666666666
7 13.0
6 9.333333333333334
11 11.363636363636363
18 11.333333333333334
17 10.823529411764707
11 11.090909090909092
6 8.333333333333334
9 12.777777777777779
7 10.428571428571429
7 9.428571428571429
4 12.5
9 11.333333333333334
9 11.666666666666666
14 11.071428571428571
7 12.142857142857142
5 12.6
7 12.285714285714286
9 10.777777777777779
7 11.0
13 11.538461538461538
10 10.4
8 9.25
10 9.1
8 10.875
5 10.6
8 10.125
14 10.785714285714286
6 9.166666666666666
13 11.692307692307692
7 9.857142857142858
7 9.142857142857142
12 9.833333333333334
14 11.428571428571429
8 10.625
4 11.75
3 11.333333333333334
10 12.0
7 11.428571428571429
11 10.545454545454545
7 11.714285714285714
11 10.090909090909092
13 9.461538461538462
13 10.615384615384615
9 10.666666666666666
10 11.7
13 12.461538461538462
12 13.333333333333334
11 11.090909090909092
8 11.5
4 10.25
14 10.428571428571429
6 11.5
13 11.153846153846153
15 10.333333333333334
8 11.125
5 10.6
8 10.25
9 11.444444444444445
7 12.428571428571429
9 12.333333333333334
6 11.666666666666666
6 10.833333333333334
8 12.0
16 12.1875
11 11.363636363636363
10 11.1
6 11.666666666666666
7 11.714285714285714
6 11.333333333333334
9 11.333333333333334
13 9.923076923076923
9 9.333333333333334
8 9.75
9 11.88888888888889
9 12.444444444444445
14 10.071428571428571
12 12.0
10 10.9
6 11.833333333333334
10 11.4
14 9.785714285714286
9 11.666666666666666
14 12.071428571428571
17 11.117647058823529
7 10.714285714285714
13 9.692307692307692
7 10.285714285714286
16 11.25
13 10.692307692307692
5 10.6
11 10.181818181818182
10 11.9
14 10.214285714285714
11 11.181818181818182
12 12.166666666666666
13 11.153846153846153
7 12.0
8 12.375
10 11.3
16 10.9375
5 9.8
12 9.833333333333334
9 9.777777777777779
11 11.0
7 10.714285714285714
11 9.090909090909092
9 9.777777777777779
14 10.857142857142858
6 13.0
14 13.714285714285714
8 10.25
15 11.8
10 9.4
9 10.666666666666666
9 11.333333333333334
7 10.285714285714286
8 7.875
4 13.5
10 9.7
8 11.625
14 8.928571428571429
8 11.75
4 10.75
7 11.142857142857142
11 11.727272727272727
10 10.3
13 11.846153846153847
6 9.0
7 10.142857142857142
11 9.727272727272727
10 9.8
15 11.133333333333333
14 10.928571428571429
9 9.444444444444445
10 12.2
15 10.933333333333334
9 11.555555555555555
11 12.181818181818182
10 12.2
11 10.909090909090908
11 11.363636363636363
8 12.125
11 10.181818181818182
15 11.266666666666667
10 12.3
12 10.416666666666666
12 10.5
9 12.555555555555555
9 9.777777777777779
4 10.25
11 10.454545454545455
9 9.555555555555555
13 9.76923076923077
12 13.333333333333334
10 9.4
13 9.384615384615385
8 11.875
8 10.875
9 10.555555555555555
9 9.444444444444445
7 9.714285714285714
10 9.5
11 11.636363636363637
13 12.23076923076923
11 11.363636363636363
6 12.0
7 10.571428571428571
12 10.25
5 10.2
14 10.357142857142858
6 10.333333333333334
11 11.727272727272727
13 11.538461538461538
10 10.6
10 11.0
15 11.6
6 10.333333333333334
10 10.7
15 11.733333333333333
10 12.0
7 11.428571428571429
10 12.5
17 9.941176470588236
8 10.5
14 10.714285714285714
12 10.25
14 11.0
6 12.166666666666666
12 9.916666666666666
6 10.333333333333334
10 10.8
6 10.5
4 10.0
7 9.857142857142858
10 10.0
13 12.0
12 13.25
5 14.0
12 11.333333333333334
19 10.0
8 9.375
10 10.0
11 10.545454545454545
8 10.375
13 10.307692307692308
12 11.583333333333334
11 12.636363636363637
12 12.083333333333334
7 11.571428571428571
11 9.909090909090908
7 11.428571428571429
12 10.75
5 11.8
10 11.5
15 10.466666666666667
6 10.5
8 10.5
8 10.75
12 11.5
13 10.076923076923077
12 11.333333333333334
11 11.363636363636363
13 10.615384615384615
12 11.083333333333334
6 12.166666666666666
14 9.285714285714286
8 11.75
10 11.6
10 10.7
10 12.1
13 11.307692307692308
9 11.555555555555555
12 10.833333333333334
12 11.916666666666666
14 10.142857142857142
9 11.555555555555555
11 10.363636363636363
9 10.11111111111111
9 11.11111111111111
14 11.285714285714286
15 11.133333333333333
5 12.2
10 11.4
10 12.2
19 11.842105263157896
9 12.666666666666666
8 9.875
10 9.7
7 10.857142857142858
15 10.266666666666667
15 9.666666666666666
10 11.1
11 10.636363636363637
6 11.833333333333334
8 11.625
9 11.333333333333334
12 11.5
7 10.571428571428571
6 12.5
13 11.76923076923077
5 11.8
11 11.818181818181818
12 11.0
12 11.083333333333334
6 11.333333333333334
9 12.222222222222221
10 10.9
11 10.636363636363637
9 12.11111111111111
13 10.538461538461538
12 9.166666666666666
5 12.0
5 13.0
12 11.25
9 11.555555555555555
8 12.25
13 10.692307692307692
11 11.363636363636363
6 13.0
9 11.222222222222221
14 12.0
5 12.0
9 8.555555555555555
11 9.636363636363637
10 12.1
11 10.272727272727273
6 10.833333333333334
12 9.75
9 9.777777777777779
17 10.470588235294118
9 9.666666666666666
10 9.9
13 11.23076923076923
6 10.333333333333334
3 6.666666666666667
14 12.857142857142858
12 10.75
10 10.5
7 11.285714285714286
8 12.0
13 9.615384615384615
12 11.25
12 11.75
15 12.466666666666667
16 11.3125
8 11.25
17 10.823529411764707
9 10.333333333333334
6 9.333333333333334
2 14.0
10 12.7
5 12.0
14 9.857142857142858
8 9.875
16 12.5
14 12.5
10 12.1
10 12.1
6 8.833333333333334
19 11.578947368421053
14 11.714285714285714
7 11.0
4 12.0
12 12.333333333333334
13 11.461538461538462
10 11.0
9 10.555555555555555
10 10.3
8 10.75
16 11.0
11 11.636363636363637
10 9.4
5 11.0
14 10.071428571428571
7 13.571428571428571
11 10.909090909090908
13 10.923076923076923
14 10.642857142857142
9 10.11111111111111
13 10.384615384615385
13 10.846153846153847
11 10.818181818181818
9 11.0
8 10.5
10 10.8
14 11.428571428571429
7 11.428571428571429
17 10.352941176470589
6 8.833333333333334
10 11.1
14 12.142857142857142
3 11.0
15 10.8
9 10.666666666666666
17 11.529411764705882
10 10.6
8 11.625
7 9.285714285714286
8 12.125
11 11.363636363636363
8 11.25
11 10.090909090909092
6 10.333333333333334
8 10.875
9 9.11111111111111
13 10.076923076923077
9 9.666666666666666
11 12.454545454545455
10 10.1
10 10.8
11 11.545454545454545
14 11.0
11 11.818181818181818
5 13.0
9 11.555555555555555
6 10.166666666666666
11 10.0
6 12.333333333333334
13 10.923076923076923
11 10.0
5 9.2
6 9.166666666666666
8 11.375
7 10.571428571428571
15 10.933333333333334
16 10.6875
7 11.428571428571429
12 11.416666666666666
9 9.88888888888889
4 12.5
10 12.1
6 10.666666666666666
15 11.4
16 11.625
7 10.0
9 11.666666666666666
10 10.7
12 10.333333333333334
6 9.5
11 10.363636363636363
9 10.444444444444445
14 11.0
10 11.1
13 9.76923076923077
11 12.0
14 10.214285714285714
13 10.23076923076923
12 11.666666666666666
10 11.7
10 11.0
13 10.923076923076923
15 11.866666666666667
9 13.666666666666666
8 11.125
4 10.75
12 10.5
10 10.9
9 11.333333333333334
12 11.083333333333334
8 11.625
11 10.909090909090908
7 10.285714285714286
9 10.777777777777779
8 9.625
5 9.8
9 10.777777777777779
16 10.625
6 11.5
11 11.0
9 11.0
15 11.066666666666666
6 9.833333333333334
15 9.933333333333334
9 10.88888888888889
8 12.0
11 10.181818181818182
8 11.125
5 10.8
9 10.11111111111111
11 12.0
13 10.615384615384615
11 9.636363636363637
13 11.153846153846153
7 10.857142857142858
10 10.0
13 13.0
12 11.333333333333334
16 12.0
15 10.133333333333333
7 12.714285714285714
11 11.363636363636363
11 11.181818181818182
14 10.0
7 9.285714285714286
11 11.363636363636363
11 10.818181818181818
7 11.285714285714286
10 11.4
8 12.5
11 9.181818181818182
14 9.571428571428571
13 11.615384615384615
11 12.454545454545455
8 11.375
11 10.545454545454545
12 10.75
4 11.25
9 10.555555555555555
6 11.166666666666666
9 10.222222222222221
6 10.0
7 11.857142857142858
10 9.8
8 10.25
10 9.6
10 11.1
10 11.5
6 9.333333333333334
17 12.0
9 11.11111111111111
10 9.0
16 11.4375
8 11.625
7 11.142857142857142
15 11.6
18 10.666666666666666
8 11.625
3 6.0
10 10.0
7 10.571428571428571
7 11.714285714285714
13 10.23076923076923
6 11.833333333333334
10 11.4
8 9.375
10 10.3
11 10.0
8 11.625
6 11.333333333333334
11 10.818181818181818
11 12.181818181818182
9 11.0
11 10.545454545454545
10 12.1
11 11.545454545454545
14 9.5
11 11.0
8 11.375
5 12.8
13 10.0
2 10.5
7 10.428571428571429
8 13.0
13 10.846153846153847
12 12.166666666666666
10 10.0
11 9.545454545454545
12 11.333333333333334
11 9.909090909090908
13 9.692307692307692
12 9.583333333333334
12 11.0
13 10.846153846153847
8 11.125
8 12.25
14 10.928571428571429
14 12.142857142857142
9 9.666666666666666
12 9.833333333333334
12 10.833333333333334
9 11.0
13 11.615384615384615
6 11.833333333333334
9 10.555555555555555
9 10.777777777777779
11 11.181818181818182
14 12.571428571428571
11 12.181818181818182
8 14.125
11 10.727272727272727
15 10.6
12 11.083333333333334
7 10.428571428571429
14 11.071428571428571
13 12.153846153846153
12 10.5
13 11.538461538461538
6 11.666666666666666
10 10.1
6 10.666666666666666
8 9.625
10 10.9
9 12.0
12 10.333333333333334
7 12.285714285714286
8 11.125
10 11.2
2 9.0
14 12.0
6 11.0
10 11.5
10 9.5
13 10.153846153846153
9 10.88888888888889
5 10.0
8 11.125
14 11.857142857142858
10 12.1
8 11.375
