1 2.0
3 2.0
2 3.5
3 1.6666666666666667
2 5.0
2 7.5
1 4.0
2 6.5
2 3.0
4 3.25
2 5.0
3 1.6666666666666667
3 2.6666666666666665
2 3.0
2 1.5
2 2.5
2 2.0
4 2.75
3 2.6666666666666665
2 6.5
2 1.5
2 1.5
1 3.0
1 2.0
2 4.0
1 6.0
4 2.0
1 6.0
3 2.6666666666666665
3 1.6666666666666667
1 4.0
1 3.0
1 3.0
1 3.0
4 2.0
4 2.75
2 3.0
1 4.0
1 3.0
1 2.0
1 4.0
3 3.3333333333333335
3 3.0
3 4.0
3 2.3333333333333335
2 2.5
2 2.5
2 2.0
3 3.6666666666666665
2 2.5
1 3.0
1 4.0
1 3.0
2 3.0
1 4.0
4 2.25
2 3.0
1 3.0
3 2.0
2 2.5
2 1.5
1 4.0
2 4.5
2 2.0
1 4.0
1 4.0
2 2.5
2 2.5
1 2.0
3 1.6666666666666667
4 3.0
1 3.0
2 2.5
3 2.3333333333333335
4 3.0
2 1.5
4 2.5
2 2.0
2 3.5
2 3.0
3 2.3333333333333335
1 2.0
4 3.75
1 2.0
1 3.0
1 5.0
1 3.0
2 2.5
1 2.0
2 7.5
3 3.3333333333333335
2 2.5
1 2.0
1 2.0
2 6.0
1 5.0
2 3.5
2 2.5
1 2.0
4 1.5
2 1.5
3 3.0
1 2.0
1 4.0
1 2.0
2 4.0
4 1.75
2 3.0
2 1.5
1 3.0
4 2.5
1 4.0
2 3.5
2 4.0
2 3.0
1 2.0
1 3.0
3 2.6666666666666665
1 3.0
2 2.0
1 2.0
2 3.0
2 2.0
4 2.75
3 3.3333333333333335
6 3.1666666666666665
3 5.0
1 2.0
4 2.75
2 2.0
3 3.0
2 3.5
1 2.0
2 1.5
2 3.5
2 3.0
1 4.0
3 2.6666666666666665
2 2.5
5 3.6
2 3.0
2 3.0
1 7.0
3 3.0
2 1.5
1 3.0
1 2.0
1 5.0
1 2.0
1 3.0
3 1.3333333333333333
1 3.0
2 4.0
3 1.3333333333333333
1 5.0
2 6.5
1 2.0
1 2.0
1 4.0
2 5.0
2 2.0
3 4.333333333333333
2 3.5
1 5.0
2 2.0
2 2.0
1 4.0
1 6.0
1 3.0
2 2.0
1 2.0
2 2.0
5 2.4
2 1.5
1 2.0
2 3.5
1 4.0
4 2.25
2 3.0
5 3.0
2 1.5
1 3.0
3 2.6666666666666665
2 1.5
1 4.0
1 6.0
1 2.0
3 2.3333333333333335
1 4.0
1 2.0
2 2.5
1 4.0
3 2.6666666666666665
1 3.0
2 4.0
1 3.0
1 3.0
2 3.5
2 2.0
1 4.0
3 2.6666666666666665
1 3.0
3 2.3333333333333335
1 4.0
2 3.5
1 6.0
1 2.0
2 2.5
4 3.25
4 3.25
1 2.0
3 4.0
2 2.5
7 2.7142857142857144
1 2.0
1 4.0
4 2.5
3 1.6666666666666667
1 2.0
4 1.25
2 7.0
3 3.0
1 4.0
4 2.0
2 2.0
1 3.0
1 4.0
3 3.3333333333333335
3 2.6666666666666665
1 5.0
3 4.666666666666667
1 2.0
2 2.5
2 3.0
3 2.3333333333333335
1 4.0
2 1.5
1 2.0
4 2.5
1 4.0
2 2.5
2 2.0
1 3.0
1 4.0
1 4.0
3 2.3333333333333335
3 3.3333333333333335
3 3.3333333333333335
2 3.0
3 3.0
3 5.0
2 3.5
2 2.5
6 2.3333333333333335
1 2.0
4 3.5
1 4.0
2 1.5
5 3.4
2 5.0
1 3.0
4 2.0
2 2.5
1 2.0
2 2.0
1 7.0
2 5.5
2 1.5
2 2.5
1 3.0
1 3.0
1 4.0
3 3.3333333333333335
2 3.5
3 2.0
4 3.0
1 2.0
1 3.0
2 2.5
3 3.3333333333333335
3 2.0
2 2.5
1 2.0
6 2.8333333333333335
4 2.5
4 2.75
2 2.0
1 6.0
1 2.0
2 2.5
2 2.5
4 3.0
1 3.0
1 2.0
3 2.0
3 3.3333333333333335
2 3.0
3 4.0
3 1.6666666666666667
1 3.0
2 2.5
3 2.6666666666666665
1 3.0
2 3.5
4 2.0
3 2.3333333333333335
3 4.0
1 3.0
1 3.0
1 4.0
3 4.333333333333333
1 4.0
3 3.0
3 4.0
1 4.0
1 2.0
2 2.0
3 3.3333333333333335
5 3.2
2 4.0
2 2.0
2 3.0
2 2.0
4 2.5
1 2.0
3 1.6666666666666667
4 3.0
2 2.5
3 2.3333333333333335
2 1.5
3 3.0
3 2.6666666666666665
1 2.0
6 3.8333333333333335
1 3.0
1 2.0
1 4.0
3 3.0
3 2.6666666666666665
3 1.6666666666666667
2 3.0
2 2.0
1 2.0
3 2.6666666666666665
1 3.0
4 2.5
2 2.0
6 3.5
2 3.0
1 5.0
2 2.0
3 2.6666666666666665
1 3.0
1 3.0
2 1.5
2 2.0
2 3.5
1 2.0
2 4.0
2 2.0
1 3.0
1 5.0
1 2.0
3 1.3333333333333333
1 3.0
4 2.5
1 5.0
2 3.0
1 4.0
5 3.2
3 4.666666666666667
4 2.75
1 2.0
2 3.0
2 2.5
1 2.0
3 1.6666666666666667
1 4.0
1 2.0
2 2.0
2 4.0
1 2.0
2 2.0
2 2.5
2 4.0
2 2.5
3 2.0
3 3.3333333333333335
2 4.5
3 2.6666666666666665
3 2.6666666666666665
3 1.6666666666666667
1 4.0
1 4.0
3 2.0
1 2.0
1 3.0
3 5.0
1 3.0
1 3.0
1 3.0
2 3.0
2 2.5
2 3.5
4 2.5
4 3.25
2 2.5
3 3.0
2 2.5
1 3.0
4 1.75
1 2.0
1 3.0
2 3.5
1 3.0
4 2.75
3 2.6666666666666665
3 2.3333333333333335
1 3.0
2 2.5
3 2.0
3 2.0
1 2.0
1 4.0
2 2.0
1 2.0
1 2.0
1 3.0
2 6.5
5 2.4
7 3.4285714285714284
1 2.0
2 2.0
6 2.5
2 3.0
3 2.6666666666666665
1 4.0
2 2.5
3 3.6666666666666665
6 2.8333333333333335
1 3.0
4 2.75
4 2.25
1 4.0
1 2.0
1 6.0
1 2.0
2 1.5
2 4.0
4 2.5
1 2.0
3 1.6666666666666667
2 2.5
2 4.5
1 3.0
2 2.5
4 1.75
4 3.0
1 4.0
3 5.0
3 3.6666666666666665
2 3.0
3 2.6666666666666665
4 2.0
2 2.0
2 3.5
2 1.5
2 3.0
1 2.0
2 2.0
3 3.6666666666666665
1 2.0
1 4.0
2 3.5
1 4.0
1 2.0
1 4.0
3 2.0
2 2.5
2 3.0
1 2.0
1 2.0
2 1.5
2 3.0
2 3.5
1 3.0
2 2.0
6 1.8333333333333333
1 3.0
1 2.0
3 3.0
1 4.0
2 1.5
1 2.0
5 2.0
1 4.0
1 2.0
2 2.5
2 2.0
2 2.0
2 3.5
2 3.5
4 3.25
3 4.333333333333333
2 3.0
1 2.0
1 2.0
2 3.0
2 2.5
6 3.1666666666666665
2 3.0
1 3.0
2 1.5
4 2.0
2 2.5
2 4.5
4 1.75
4 2.25
1 3.0
2 3.0
1 5.0
2 2.0
4 1.75
3 2.0
1 2.0
1 2.0
2 2.5
2 2.5
1 6.0
2 2.5
1 4.0
3 3.0
2 2.0
3 2.0
1 3.0
2 3.0
3 3.0
2 2.0
1 3.0
1 4.0
2 1.5
2 2.0
1 4.0
3 3.0
4 2.25
1 2.0
3 2.6666666666666665
1 6.0
11 2.272727272727273
1 3.0
3 3.3333333333333335
1 2.0
2 2.5
3 1.6666666666666667
1 3.0
3 2.6666666666666665
1 3.0
1 2.0
2 2.5
1 3.0
4 2.5
2 6.5
2 1.5
2 1.5
4 2.0
2 3.5
2 3.5
2 2.0
1 3.0
2 1.5
4 3.25
3 2.3333333333333335
3 2.0
3 3.6666666666666665
1 2.0
2 3.0
2 1.5
1 2.0
3 3.6666666666666665
4 2.5
1 2.0
2 2.5
3 2.6666666666666665
2 3.0
1 3.0
3 3.0
1 3.0
2 3.0
1 2.0
2 4.5
1 2.0
1 2.0
2 3.0
1 2.0
2 2.0
2 3.0
2 4.5
4 2.0
1 2.0
1 3.0
2 3.0
3 2.0
1 6.0
2 2.5
4 4.0
1 2.0
4 2.5
2 3.0
1 5.0
1 4.0
1 2.0
1 3.0
2 3.0
2 1.5
4 2.75
1 4.0
2 2.5
4 2.5
2 2.5
2 1.5
2 2.5
1 4.0
1 3.0
2 2.5
2 2.5
3 2.0
4 1.75
1 4.0
3 3.3333333333333335
4 3.0
1 4.0
1 4.0
1 5.0
1 5.0
2 2.5
3 2.6666666666666665
2 3.0
2 2.0
2 3.0
2 1.5
1 4.0
1 3.0
1 3.0
1 3.0
2 1.5
2 1.5
2 4.5
2 3.0
1 3.0
1 5.0
2 3.5
1 4.0
1 4.0
1 3.0
3 2.6666666666666665
3 1.6666666666666667
1 4.0
4 3.5
2 3.0
2 2.5
2 1.5
1 2.0
1 4.0
1 3.0
3 4.666666666666667
3 2.6666666666666665
1 3.0
4 2.75
3 2.6666666666666665
2 2.5
4 2.75
2 2.0
3 2.3333333333333335
2 2.5
1 4.0
1 3.0
4 1.75
3 2.3333333333333335
2 2.0
3 2.0
1 2.0
2 2.5
1 6.0
1 5.0
1 3.0
2 2.0
2 3.5
2 3.0
2 4.0
2 2.5
4 1.75
1 2.0
3 3.0
1 3.0
6 1.6666666666666667
2 3.0
4 3.25
2 2.5
2 1.5
2 3.5
1 3.0
1 2.0
1 3.0
3 3.6666666666666665
3 2.3333333333333335
1 2.0
2 2.5
2 3.5
2 3.0
3 1.6666666666666667
1 2.0
2 3.0
3 2.3333333333333335
1 3.0
1 3.0
2 3.0
3 2.6666666666666665
1 5.0
3 2.6666666666666665
3 3.6666666666666665
2 3.0
2 3.0
1 3.0
4 3.25
2 2.5
1 3.0
1 5.0
4 1.5
1 4.0
3 2.0
3 2.3333333333333335
2 2.0
1 4.0
4 2.25
2 1.5
3 2.3333333333333335
3 2.6666666666666665
3 2.6666666666666665
2 2.5
1 2.0
5 2.2
4 2.75
4 2.75
4 2.75
1 4.0
1 5.0
2 3.0
1 4.0
2 2.0
4 2.0
1 3.0
1 3.0
5 2.6
1 5.0
2 3.0
2 2.0
3 1.3333333333333333
1 3.0
4 3.25
2 2.0
1 3.0
3 3.0
4 3.25
2 2.0
5 1.6
1 2.0
2 4.0
3 3.6666666666666665
3 3.0
4 4.0
5 2.6
1 3.0
3 1.3333333333333333
1 6.0
2 3.0
1 3.0
3 3.6666666666666665
2 3.5
3 2.3333333333333335
1 3.0
3 2.6666666666666665
3 1.6666666666666667
3 3.0
3 5.333333333333333
2 1.5
2 2.0
2 3.5
2 3.5
1 3.0
5 2.4
1 2.0
2 2.5
1 4.0
2 3.5
1 3.0
4 1.25
2 3.0
2 3.0
4 1.75
1 3.0
3 3.0
3 3.3333333333333335
3 1.6666666666666667
1 3.0
1 3.0
3 4.0
1 2.0
4 2.5
3 2.6666666666666665
2 3.5
3 1.6666666666666667
3 2.3333333333333335
3 2.0
3 3.3333333333333335
2 3.0
1 2.0
2 2.5
3 2.3333333333333335
2 3.5
2 3.0
1 3.0
3 1.6666666666666667
2 3.0
1 2.0
3 2.0
3 2.0
5 3.8
1 2.0
2 4.0
3 2.0
3 2.6666666666666665
5 2.4
1 2.0
2 3.0
1 3.0
1 4.0
2 2.5
2 5.0
2 2.5
1 4.0
2 2.0
2 3.5
5 2.6
3 2.6666666666666665
5 3.8
1 6.0
4 3.25
1 3.0
1 2.0
2 4.5
1 2.0
2 3.5
1 3.0
3 3.3333333333333335
1 3.0
1 2.0
1 2.0
1 2.0
2 3.0
1 4.0
1 3.0
3 2.6666666666666665
2 2.5
2 3.0
1 3.0
2 3.0
2 3.0
3 3.0
3 2.0
2 3.0
1 2.0
2 3.0
2 4.0
5 2.4
4 2.0
2 1.5
3 1.6666666666666667
4 3.25
1 3.0
1 6.0
3 2.0
2 3.0
1 2.0
2 2.0
2 1.5
3 3.0
2 3.0
2 1.5
1 4.0
2 2.0
4 2.5
3 3.0
3 2.3333333333333335
2 3.5
1 2.0
2 2.0
2 3.0
1 4.0
2 2.5
2 3.5
2 2.5
2 2.0
1 4.0
5 3.0
2 2.0
2 2.0
5 3.6
1 3.0
3 3.3333333333333335
2 4.0
5 4.2
2 3.0
1 3.0
1 3.0
3 2.0
2 2.5
2 2.0
2 2.5
1 3.0
1 2.0
2 2.5
2 3.0
1 4.0
2 2.0
1 3.0
1 4.0
1 3.0
5 2.6
5 2.8
2 1.5
2 3.5
2 2.5
1 2.0
2 3.0
3 2.3333333333333335
3 2.3333333333333335
2 6.5
3 2.3333333333333335
2 2.5
1 2.0
4 2.5
2 1.5
2 3.0
1 2.0
2 3.0
1 3.0
3 2.3333333333333335
2 2.0
1 5.0
1 2.0
4 2.75
5 3.8
5 3.6
6 4.5
3 1.3333333333333333
2 2.5
2 5.0
1 4.0
2 2.5
1 7.0
1 4.0
2 3.5
1 2.0
2 4.0
1 2.0
3 2.3333333333333335
2 3.0
4 2.5
2 3.0
1 3.0
1 5.0
3 1.6666666666666667
2 3.0
2 3.0
1 4.0
4 3.25
1 2.0
1 5.0
6 2.3333333333333335
4 3.0
1 3.0
4 2.0
1 2.0
2 3.5
3 4.666666666666667
2 4.5
2 3.5
1 2.0
2 2.0
1 4.0
1 6.0
2 4.5
1 3.0
3 3.0
3 2.0
1 2.0
1 2.0
4 2.5
1 3.0
4 2.0
