59 60.728813559322035
70 64.5
61 59.967213114754095
77 61.77922077922078
94 60.829787234042556
53 61.528301886792455
74 59.62162162162162
61 58.0655737704918
83 57.06024096385542
89 62.359550561797754
97 63.22680412371134
70 60.214285714285715
52 61.76923076923077
105 61.666666666666664
84 62.04761904761905
106 62.39622641509434
73 63.06849315068493
33 56.72727272727273
82 63.71951219512195
67 60.55223880597015
37 60.189189189189186
51 63.627450980392155
70 64.17142857142858
69 62.7536231884058
64 58.125
59 57.94915254237288
59 64.66101694915254
102 62.86274509803921
68 60.8235294117647
82 62.890243902439025
95 61.68421052631579
84 63.392857142857146
104 63.49038461538461
76 63.421052631578945
79 64.53164556962025
110 61.627272727272725
78 63.05128205128205
70 59.91428571428571
54 62.870370370370374
65 60.76923076923077
122 63.42622950819672
64 62.734375
74 64.85135135135135
62 62.16129032258065
81 62.148148148148145
59 64.05084745762711
85 60.83529411764706
56 60.517857142857146
45 66.46666666666667
84 60.48809523809524
46 57.21739130434783
100 61.94
71 61.183098591549296
75 63.56
63 65.42857142857143
62 61.516129032258064
67 61.53731343283582
91 61.26373626373626
61 60.622950819672134
72 60.861111111111114
49 60.142857142857146
53 58.943396226415096
72 61.90277777777778
102 61.44117647058823
87 60.87356321839081
55 58.29090909090909
35 63.17142857142857
49 59.142857142857146
52 56.26923076923077
61 61.50819672131148
65 58.30769230769231
61 61.09836065573771
61 64.19672131147541
100 63.96
52 57.65384615384615
41 60.63414634146341
73 66.13698630136986
67 62.059701492537314
81 62.17283950617284
64 61.09375
56 63.017857142857146
76 59.68421052631579
60 63.05
57 63.228070175438596
75 63.093333333333334
90 60.81111111111111
76 60.78947368421053
65 60.61538461538461
65 61.49230769230769
66 58.84848484848485
93 58.645161290322584
74 60.87837837837838
67 60.62686567164179
73 60.082191780821915
69 61.85507246376812
86 62.63953488372093
78 62.217948717948715
63 60.82539682539682
84 61.38095238095238
74 64.52702702702703
101 59.81188118811881
66 60.89393939393939
81 64.0246913580247
77 62.77922077922078
72 61.708333333333336
54 60.55555555555556
70 62.81428571428572
85 62.55294117647059
87 64.08045977011494
63 65.5079365079365
64 60.578125
82 63.69512195121951
52 59.34615384615385
74 61.648648648648646
64 60.984375
50 61.36
86 63.95348837209303
56 65.64285714285714
92 61.70652173913044
64 61.75
75 61.88
46 58.56521739130435
41 57.390243902439025
59 63.20338983050848
82 63.170731707317074
63 61.34920634920635
75 62.24
65 59.246153846153845
56 64.01785714285714
59 58.67796610169491
107 63.38317757009346
93 62.18279569892473
94 60.61702127659574
71 61.985915492957744
82 63.853658536585364
72 61.34722222222222
62 60.54838709677419
66 60.484848484848484
64 62.140625
77 61.98701298701299
85 64.48235294117647
95 60.0
49 65.08163265306122
56 59.625
54 64.44444444444444
76 63.5
81 63.53086419753087
119 64.22689075630252
55 61.21818181818182
71 62.83098591549296
62 60.38709677419355
108 61.30555555555556
54 61.22222222222222
75 62.64
60 61.083333333333336
84 59.30952380952381
61 65.19672131147541
60 62.4
44 64.11363636363636
67 63.8955223880597
48 63.1875
68 61.80882352941177
58 64.29310344827586
85 61.576470588235296
77 61.33766233766234
72 60.97222222222222
76 59.75
70 60.871428571428574
82 61.28048780487805
37 62.78378378378378
88 63.43181818181818
59 59.898305084745765
85 62.94117647058823
62 63.12903225806452
90 61.611111111111114
73 61.83561643835616
68 62.61764705882353
78 65.83333333333333
67 64.76119402985074
60 63.13333333333333
99 65.39393939393939
79 61.74683544303797
64 59.546875
53 59.698113207547166
68 59.44117647058823
69 61.710144927536234
72 60.763888888888886
72 58.458333333333336
54 62.407407407407405
58 61.293103448275865
73 66.73972602739725
41 63.829268292682926
55 60.8
53 65.0
75 60.333333333333336
85 61.55294117647059
77 61.81818181818182
82 61.75609756097561
83 62.44578313253012
91 61.18681318681319
108 63.175925925925924
77 62.298701298701296
77 59.02597402597402
52 58.46153846153846
69 62.01449275362319
54 59.2037037037037
45 62.333333333333336
101 62.05940594059406
91 62.30769230769231
47 60.87234042553192
69 62.594202898550726
64 62.203125
83 59.45783132530121
89 59.92134831460674
52 61.26923076923077
73 62.534246575342465
66 62.27272727272727
76 62.328947368421055
74 60.189189189189186
59 57.67796610169491
70 63.48571428571429
88 61.63636363636363
47 63.638297872340424
59 63.016949152542374
84 61.642857142857146
52 60.46153846153846
89 60.337078651685395
58 60.258620689655174
43 61.55813953488372
48 62.979166666666664
46 61.19565217391305
84 63.76190476190476
53 62.0188679245283
49 63.244897959183675
75 61.4
73 63.73972602739726
62 62.016129032258064
75 61.12
81 62.02469135802469
83 60.24096385542169
47 58.02127659574468
62 62.03225806451613
99 60.92929292929293
88 63.30681818181818
74 61.554054054054056
63 62.76190476190476
90 61.611111111111114
66 59.27272727272727
80 60.0375
62 62.403225806451616
80 65.225
53 61.22641509433962
65 63.03076923076923
66 60.666666666666664
68 60.01470588235294
94 59.87234042553192
79 62.936708860759495
94 61.37234042553192
64 63.53125
76 61.4078947368421
86 58.95348837209303
88 62.54545454545455
61 58.24590163934426
77 61.467532467532465
72 61.513888888888886
54 61.166666666666664
109 60.972477064220186
50 58.94
61 60.9344262295082
59 61.50847457627118
77 62.18181818181818
76 63.55263157894737
79 60.69620253164557
61 60.59016393442623
62 63.74193548387097
78 59.56410256410256
81 60.407407407407405
76 62.078947368421055
100 62.26
94 61.3936170212766
70 58.84285714285714
46 62.5
70 61.08571428571429
78 63.58974358974359
61 58.540983606557376
74 60.945945945945944
94 62.12765957446808
53 60.056603773584904
76 61.973684210526315
82 61.36585365853659
58 61.37931034482759
49 60.204081632653065
69 60.78260869565217
70 63.9
72 62.833333333333336
56 60.767857142857146
58 58.172413793103445
90 58.06666666666667
84 61.654761904761905
64 61.1875
75 61.946666666666665
49 62.87755102040816
48 59.875
70 61.8
66 63.15151515151515
75 57.413333333333334
50 60.62
55 65.83636363636364
67 61.43283582089552
52 60.59615384615385
63 61.523809523809526
59 61.610169491525426
96 62.270833333333336
82 63.426829268292686
69 58.7536231884058
76 60.94736842105263
76 62.03947368421053
40 65.8
69 61.88405797101449
93 60.97849462365591
72 62.0
77 62.922077922077925
79 62.51898734177215
71 62.267605633802816
73 60.794520547945204
72 60.19444444444444
73 63.917808219178085
76 60.171052631578945
35 60.77142857142857
49 60.53061224489796
88 60.54545454545455
49 60.795918367346935
62 61.37096774193548
83 64.144578313253
67 62.43283582089552
66 62.42424242424242
53 62.509433962264154
47 64.40425531914893
65 64.33846153846154
42 64.5952380952381
70 63.457142857142856
55 63.054545454545455
45 62.15555555555556
59 63.45762711864407
52 60.86538461538461
80 62.7
65 64.53846153846153
68 61.0
30 64.63333333333334
56 59.392857142857146
70 62.42857142857143
63 64.36507936507937
64 61.046875
70 63.128571428571426
76 59.73684210526316
65 60.84615384615385
68 61.44117647058823
61 61.9344262295082
77 62.0
43 58.395348837209305
50 62.62
82 63.59756097560975
79 64.55696202531645
55 63.18181818181818
79 61.32911392405063
53 60.9811320754717
54 61.407407407407405
48 59.041666666666664
61 63.42622950819672
74 59.71621621621622
58 66.51724137931035
47 63.255319148936174
45 62.355555555555554
71 61.436619718309856
66 61.22727272727273
45 61.75555555555555
41 60.048780487804876
73 60.986301369863014
45 62.733333333333334
54 60.81481481481482
79 65.0
96 61.71875
55 60.763636363636365
50 59.18
58 64.1896551724138
47 60.744680851063826
62 64.19354838709677
55 65.8
79 61.63291139240506
77 62.246753246753244
59 61.23728813559322
54 62.907407407407405
64 62.28125
36 65.13888888888889
53 65.58490566037736
65 61.98461538461538
67 62.343283582089555
53 61.0
47 64.02127659574468
58 61.89655172413793
56 60.69642857142857
51 58.470588235294116
73 63.136986301369866
63 60.92063492063492
70 63.871428571428574
62 64.03225806451613
47 62.659574468085104
56 61.607142857142854
73 60.75342465753425
66 62.878787878787875
65 61.36923076923077
74 59.310810810810814
63 61.22222222222222
75 65.36
76 58.44736842105263
42 61.69047619047619
79 60.607594936708864
42 63.904761904761905
56 60.589285714285715
82 60.829268292682926
65 61.723076923076924
54 62.05555555555556
56 64.48214285714286
50 64.8
66 62.54545454545455
45 64.4
62 65.24193548387096
61 61.557377049180324
61 61.50819672131148
57 64.47368421052632
61 65.62295081967213
58 61.46551724137931
58 60.793103448275865
61 62.75409836065574
50 63.3
74 62.391891891891895
66 61.96969696969697
50 64.2
56 64.89285714285714
68 65.26470588235294
50 60.18
50 61.46
74 62.310810810810814
51 61.94117647058823
54 65.18518518518519
60 62.3
50 63.68
66 63.56060606060606
46 67.1304347826087
47 62.340425531914896
68 62.3235294117647
39 60.87179487179487
67 63.52238805970149
75 62.50666666666667
64 65.171875
42 64.83333333333333
57 65.24561403508773
51 67.29411764705883
43 67.74418604651163
79 61.89873417721519
41 61.926829268292686
49 66.18367346938776
45 63.888888888888886
70 61.25714285714286
38 64.02631578947368
66 59.696969696969695
58 60.706896551724135
56 64.96428571428571
58 60.86206896551724
57 63.92982456140351
54 64.57407407407408
54 62.22222222222222
59 61.440677966101696
58 66.37931034482759
58 63.3448275862069
49 64.87755102040816
76 62.921052631578945
33 56.75757575757576
58 63.39655172413793
46 62.54347826086956
66 62.07575757575758
67 62.47761194029851
43 66.25581395348837
50 60.04
58 62.310344827586206
55 65.18181818181819
59 61.13559322033898
58 66.29310344827586
71 62.7887323943662
74 63.83783783783784
62 62.54838709677419
70 62.91428571428571
52 65.84615384615384
38 59.89473684210526
42 61.142857142857146
46 66.15217391304348
74 65.55405405405405
41 64.63414634146342
42 62.857142857142854
84 60.845238095238095
66 64.42424242424242
57 64.75438596491227
55 63.8
26 59.53846153846154
53 62.886792452830186
44 62.70454545454545
53 63.716981132075475
56 64.73214285714286
48 60.3125
55 65.41818181818182
60 62.516666666666666
50 60.8
64 64.375
41 60.46341463414634
47 61.829787234042556
53 57.528301886792455
53 66.30188679245283
65 64.95384615384616
50 63.74
68 65.6029411764706
48 64.16666666666667
68 64.02941176470588
72 63.486111111111114
50 61.9
44 61.52272727272727
52 63.19230769230769
47 65.27659574468085
46 61.91304347826087
71 63.014084507042256
69 63.69565217391305
59 62.69491525423729
49 63.61224489795919
65 63.676923076923075
51 65.33333333333333
61 62.622950819672134
38 64.05263157894737
71 60.88732394366197
49 61.244897959183675
62 65.12903225806451
63 63.74603174603175
54 63.75925925925926
66 65.89393939393939
40 61.325
55 63.654545454545456
52 62.73076923076923
57 64.0
55 61.8
63 63.06349206349206
56 63.267857142857146
65 63.46153846153846
48 65.0
47 64.38297872340425
52 61.26923076923077
48 66.25
59 65.49152542372882
47 63.234042553191486
80 62.725
49 63.12244897959184
45 62.93333333333333
63 63.03174603174603
53 66.45283018867924
52 63.28846153846154
49 64.51020408163265
64 63.921875
58 61.672413793103445
50 62.84
50 62.52
66 63.333333333333336
73 65.91780821917808
52 62.09615384615385
53 61.283018867924525
34 62.1764705882353
52 61.17307692307692
68 62.48529411764706
52 67.38461538461539
48 65.9375
45 63.13333333333333
43 64.0
48 63.520833333333336
28 61.714285714285715
61 62.47540983606557
29 62.48275862068966
56 66.60714285714286
50 60.44
54 67.4074074074074
43 61.7906976744186
40 64.075
59 65.03389830508475
55 66.41818181818182
41 62.146341463414636
52 63.28846153846154
45 64.0
48 63.916666666666664
63 64.4920634920635
47 66.27659574468085
64 60.5
62 63.903225806451616
51 64.0
47 66.93617021276596
55 64.63636363636364
57 66.42105263157895
60 66.06666666666666
58 67.15517241379311
55 60.836363636363636
64 62.09375
64 64.390625
51 64.19607843137256
57 62.26315789473684
47 63.723404255319146
50 63.96
46 68.82608695652173
71 63.87323943661972
53 61.924528301886795
54 63.129629629629626
63 64.52380952380952
61 62.26229508196721
61 64.42622950819673
47 62.851063829787236
58 64.98275862068965
64 64.125
42 63.595238095238095
42 63.833333333333336
60 65.03333333333333
39 62.84615384615385
54 62.75925925925926
66 68.57575757575758
47 60.5531914893617
53 66.18867924528301
38 68.39473684210526
43 62.55813953488372
62 61.79032258064516
40 60.825
66 64.07575757575758
51 62.509803921568626
44 67.97727272727273
51 68.45098039215686
54 59.351851851851855
52 61.71153846153846
48 60.708333333333336
62 63.935483870967744
47 67.08510638297872
58 64.39655172413794
48 63.1875
41 63.19512195121951
48 56.458333333333336
52 62.32692307692308
50 61.08
57 65.21052631578948
42 61.476190476190474
49 62.95918367346939
64 66.53125
45 66.08888888888889
53 62.37735849056604
53 66.75471698113208
56 67.28571428571429
59 64.59322033898304
49 63.87755102040816
48 61.9375
60 65.35
59 62.220338983050844
59 63.94915254237288
55 62.763636363636365
39 64.02564102564102
46 67.0
45 59.977777777777774
51 64.43137254901961
49 63.38775510204081
49 64.6938775510204
49 66.63265306122449
48 63.583333333333336
51 65.90196078431373
50 62.64
52 64.5
61 64.09836065573771
51 59.05882352941177
52 64.25
34 59.294117647058826
43 64.81395348837209
45 63.77777777777778
49 64.91836734693878
41 68.90243902439025
41 64.5609756097561
38 64.60526315789474
67 63.07462686567164
51 63.1764705882353
54 66.0
57 65.89473684210526
61 62.32786885245902
51 63.333333333333336
54 65.48148148148148
56 63.910714285714285
59 62.05084745762712
59 64.84745762711864
51 63.15686274509804
55 65.9090909090909
31 63.774193548387096
56 64.85714285714286
55 65.34545454545454
55 62.018181818181816
56 63.964285714285715
64 66.703125
53 64.94339622641509
60 68.9
43 65.48837209302326
56 58.017857142857146
62 64.19354838709677
50 61.46
65 64.0923076923077
58 64.0
32 59.71875
60 64.48333333333333
49 66.42857142857143
46 65.58695652173913
44 64.02272727272727
49 66.10204081632654
50 64.76
60 66.48333333333333
53 66.62264150943396
56 65.51785714285714
47 63.87234042553192
65 66.75384615384615
46 62.47826086956522
52 64.53846153846153
47 62.4468085106383
42 60.833333333333336
47 60.87234042553192
57 65.14035087719299
61 63.09836065573771
49 63.53061224489796
48 65.3125
46 62.23913043478261
65 63.215384615384615
44 65.06818181818181
42 64.95238095238095
47 61.40425531914894
52 61.75
41 63.68292682926829
51 61.666666666666664
58 67.27586206896552
48 64.58333333333333
60 63.8
74 64.3108108108108
68 68.95588235294117
53 64.18867924528301
54 64.03703703703704
47 61.1063829787234
56 62.267857142857146
52 63.63461538461539
55 63.0
52 65.78846153846153
47 63.38297872340426
48 64.20833333333333
50 66.42
48 64.47916666666667
42 65.30952380952381
46 61.0
38 69.23684210526316
40 64.65
66 64.27272727272727
49 65.51020408163265
50 64.46
54 67.51851851851852
50 66.08
43 63.86046511627907
53 64.0377358490566
49 62.36734693877551
57 66.6842105263158
56 62.892857142857146
48 65.5625
50 66.66
58 63.89655172413793
59 65.59322033898304
50 64.62
54 64.20370370370371
42 63.166666666666664
65 62.55384615384615
49 59.0
38 60.3421052631579
53 64.67924528301887
54 61.7037037037037
53 62.54716981132076
47 64.82978723404256
56 66.42857142857143
60 64.83333333333333
48 59.479166666666664
46 68.30434782608695
52 64.61538461538461
45 61.044444444444444
53 66.66037735849056
50 60.24
50 64.0
55 66.83636363636364
40 63.25
48 64.10416666666667
51 63.05882352941177
64 64.796875
61 63.16393442622951
63 66.73015873015873
51 69.01960784313725
61 62.868852459016395
49 66.51020408163265
55 66.34545454545454
53 67.41509433962264
55 61.85454545454545
51 59.745098039215684
60 60.983333333333334
51 68.07843137254902
52 61.26923076923077
53 65.22641509433963
50 59.76
41 63.926829268292686
57 67.12280701754386
49 65.42857142857143
62 62.53225806451613
42 62.23809523809524
52 66.11538461538461
44 61.79545454545455
56 63.267857142857146
64 63.578125
58 65.0
40 65.55
56 63.375
55 66.2909090909091
54 64.79629629629629
50 61.86
58 62.46551724137931
55 68.0
51 63.94117647058823
57 65.87719298245614
39 61.333333333333336
48 62.125
48 65.875
58 67.05172413793103
43 65.55813953488372
49 63.6530612244898
59 64.27118644067797
44 62.86363636363637
45 66.26666666666667
58 65.93103448275862
58 62.93103448275862
44 58.0
60 62.15
49 62.97959183673469
60 65.1
54 65.03703703703704
38 63.473684210526315
68 62.55882352941177
64 61.359375
55 64.94545454545455
51 63.72549019607843
61 64.54098360655738
52 66.17307692307692
40 61.525
48 65.75
45 63.15555555555556
47 64.25531914893617
58 67.6896551724138
52 63.61538461538461
57 64.59649122807018
67 64.59701492537313
46 63.130434782608695
53 63.094339622641506
55 60.054545454545455
50 64.9
59 60.50847457627118
62 67.56451612903226
51 68.19607843137256
44 66.56818181818181
53 62.56603773584906
55 62.50909090909091
46 64.23913043478261
62 63.354838709677416
47 66.7872340425532
50 69.4
59 64.88135593220339
50 64.24
54 62.27777777777778
56 63.32142857142857
60 61.56666666666667
47 62.744680851063826
47 63.659574468085104
53 62.0377358490566
50 62.62
46 63.52173913043478
48 67.125
48 63.8125
57 63.3859649122807
53 66.47169811320755
53 63.735849056603776
52 65.21153846153847
39 62.82051282051282
48 65.47916666666667
50 64.26
60 66.45
44 66.52272727272727
51 63.8235294117647
52 68.51923076923077
40 61.825
59 68.08474576271186
49 63.36734693877551
52 62.59615384615385
53 68.33962264150944
47 64.0
57 63.05263157894737
51 62.31372549019608
56 61.142857142857146
62 63.20967741935484
58 64.20689655172414
49 61.91836734693877
60 65.1
43 70.67441860465117
54 67.27777777777777
49 65.28571428571429
50 62.7
63 65.92063492063492
56 62.482142857142854
61 65.62295081967213
54 64.53703703703704
49 64.04081632653062
44 64.0
65 67.72307692307692
49 64.26530612244898
58 66.17241379310344
46 62.47826086956522
43 65.37209302325581
43 64.25581395348837
55 63.127272727272725
51 64.05882352941177
51 64.68627450980392
59 67.23728813559322
51 66.0
49 65.0
62 63.564516129032256
53 61.39622641509434
56 65.60714285714286
54 64.9074074074074
48 63.520833333333336
50 64.26
45 61.15555555555556
55 64.56363636363636
45 64.31111111111112
63 64.87301587301587
58 64.89655172413794
65 66.92307692307692
54 64.96296296296296
55 66.05454545454545
56 63.160714285714285
49 66.34693877551021
52 64.98076923076923
45 67.17777777777778
35 60.8
55 64.85454545454546
49 65.3061224489796
50 66.48
34 62.44117647058823
43 60.46511627906977
54 59.925925925925924
37 64.05405405405405
45 65.17777777777778
49 64.57142857142857
51 65.74509803921569
49 65.42857142857143
51 65.70588235294117
55 65.87272727272727
49 63.93877551020408
52 68.25
44 65.27272727272727
44 64.0909090909091
49 62.42857142857143
48 59.291666666666664
46 65.34782608695652
60 61.31666666666667
45 66.82222222222222
46 62.15217391304348
55 66.92727272727272
62 65.06451612903226
51 63.21568627450981
57 69.3859649122807
50 68.44
59 67.98305084745763
56 66.73214285714286
45 68.31111111111112
53 71.47169811320755
44 61.86363636363637
61 64.8688524590164
44 63.36363636363637
46 62.95652173913044
45 65.04444444444445
50 66.72
52 64.61538461538461
47 62.276595744680854
52 63.03846153846154
50 61.8
54 61.96296296296296
39 61.256410256410255
52 61.55769230769231
50 67.0
58 67.77586206896552
59 67.16949152542372
52 64.5
