168.6310125978173
163.3789700194618
168.6125106863716
156.6396725482634
168.64747278690726
93.51599323125653
196.6526683290316
93.56353215093122
232.6494716027398
156.74088033126407
232.44882223712347
232.4505102642384
104.7518714304186
144.38147833578233
154.58511232368693
107.38981356490675
103.43984484884832
110.55263346561269
101.86272245813468
113.82023803759317
113.84702053764926
116.45072311860358
128.05599441799131
92.5336329935947
272.7619315378069
126.64015350283792
77.17568526900087
48.86803056562047
74.17994781668068
158.61672384569394
124.23251522403918
301.5430017882702
103.72117406256
102.58033105263252
355.6450542915074
158.97724873057734
92.13457010963526
88.50920555390525
87.6728109611924
107.60736072932798
106.54190637845076
105.6742294313943
103.02750373393047
99.59868485529057
97.6699970666472
94.33214225295667
270.55612120437195
94.92627417240685
125.16078934649319
90.29140208321041
96.69574586782252
79.77294350192939
96.93375451049111
137.0790170440172
172.42909361830712
104.74913640508773
108.66869264429401
64.58810124862553
110.3209502103027
85.66781441016356
95.80439921815523
70.89986913947043
86.36269571821761
86.36165683349637
71.08130770576538
58.9874133954165
84.58395335889956
68.74762621045517
135.09629109026983
89.9243282860403
81.95971333050245
189.8081519257227
101.9727111334311
91.23876082284896
87.11610139509413
118.01914120404254
95.08864420161977
161.01581234029283
167.9252844156583
258.29013413480993
185.34833611058158
185.3990153132161
62.27551384700501
189.30128950554666
170.11728980206965
178.34311034826277
97.76139116607445
111.21167166467986
81.84169489578889
46.49273950074472
81.93029713909544
167.17289482986163
79.48013979582478
215.34009216987815
115.68040879852455
280.63190181097275
291.54995854971315
70.44962108152832
86.92818785657813
86.35920007132692
123.37970141572764
122.86567667675938
29.850332683350718
60.87960577168025
91.86343550595572
96.24181531227484
49.77343359417099
104.07087968847709
109.4594776945942
122.85134956940955
122.86365118402982
119.15521034043891
141.09025007427357
155.58578580608398
203.4570310208468
75.60308131618277
101.02880214252203
276.3791545573601
67.5307675773426
56.96594359238302
177.61410355835724
138.30041907607946
74.87620815856405
111.51419657508701
140.97658662121225
123.17739697997943
116.5094708963044
110.46428529253545
270.21774327887044
82.67647634355338
59.019345836266254
69.61261430427054
51.21798642445634
142.3599636357065
175.10228557511618
82.29424642509402
96.90550067757134
167.04512263260332
59.105146834670606
116.38005066572045
86.7226033520438
116.04356557563091
70.13244580426431
49.31123067826595
42.30933323306011
169.18777557144577
110.38425722037769
117.26354337642935
190.48764994463517
81.35576772395584
41.8225055551621
45.15237063221338
44.43746723609516
39.57783792787787
64.15658462292514
81.65897498851591
73.57667571910034
78.12187201990531
69.50883377188084
110.30216177452732
100.10681505773827
74.45382680010655
65.16516119792293
86.28345512213939
90.51589993335226
71.96577702872625
49.09756454456463
171.46940454459192
115.69784755211096
173.92575905882634
77.00981037497033
58.70217396038754
73.12084480436721
114.67635381983293
126.57140850104584
118.44048816374678
125.7530631564642
101.02256322282987
58.12063122769914
83.41584797283058
70.94296963670145
364.5545627441191
100.46099649161293
393.6072842710227
77.429324486187
145.35797195071703
32.13341698971211
91.33732499543687
297.5497390043628
96.92400665173659
26.578101948738272
111.82131570386372
64.62791703155854
76.94466906304933
104.88437475495115
121.08082443323659
190.7905166416548
125.52892402782874
77.13009459860264
121.96706737387082
98.56408704415618
106.64103209734078
75.24623043926289
55.18276806545285
143.3796126031575
151.73638833912742
169.46270869323465
110.99920663064586
68.36663521034279
65.30550948167256
165.64474635561274
273.84962448388364
94.0419309552979
291.76946414420286
128.11851254483804
274.12977829126646
77.37545288876137
273.2688646160179
69.23323470991292
90.1497873330659
67.06810494535401
273.53240593362426
65.90559276259845
52.825281009641415
256.96017772445543
99.38735974024867
89.38217159278028
43.72408732615826
69.3801625821168
161.28361317021623
62.831610675207365
52.09327896833117
55.959852496742734
91.45414126947506
132.95322633532552
326.1203477031294
76.68350549928881
105.6683186384385
94.047078218574
55.35930326194192
55.34600603231805
74.49222987557285
58.670983637634976
107.73612129995293
109.67250877145464
70.72477704842899
69.03348609138894
68.30232857194477
71.06344976238688
110.01340476114929
61.81588094169254
67.22035053689277
89.15675204924003
64.77799479516544
77.81175394650086
104.27379531911923
289.45092100688606
48.64862320232252
94.19550957961206
94.94954223335405
84.4523748865257
79.23066809342059
94.66135076912792
96.7616693635523
55.36678421485214
76.03037559208451
91.65474529211205
75.9994571114164
65.7052202507342
93.26149106593236
96.07355378761567
70.03325580870981
281.07758980552956
56.969439664424435
49.63603857419093
54.24977210537597
183.9283944859793
49.97125386778192
46.65734581361508
22.655759896217102
108.3147888514074
76.75714908198984
173.0140691218956
74.02231309630065
107.12068247608046
66.47535033607366
111.54525504913127
114.3290963933158
110.63570399155118
56.89372248701746
48.38623875032771
64.23432423400914
157.52351473515344
166.52975437298056
88.53907038522804
77.9429356045311
73.09322542237261
53.37082417499799
112.01690332686086
118.70945186826826
132.14447726683517
89.48346853502123
88.00013366782424
61.855732035438855
153.3237765471962
41.97004391121819
83.35922586737914
119.88132802709836
105.69189330033622
111.62932731947255
57.92576436429523
89.62865342212618
77.3308737035845
59.572223248534065
80.56769723731286
148.14189492629492
184.79465067096922
63.308180946084754
89.82440162935858
96.02629301181781
88.86293506122131
45.058945191191015
100.2972505424472
99.09122182081389
73.16044079170098
74.61657674472853
71.40022843872036
127.26782809828677
139.48165650950565
38.599305436922606
49.99427368506825
46.6337019492402
66.0632798021162
67.88109782661262
93.40670323835097
66.0106942827421
65.98568837741823
104.49462869789416
72.97273551786837
65.17255766585431
99.33636767497617
144.96770888032955
100.02439370573002
66.62961585299767
99.50871292567037
75.54927647809428
104.26464434118338
105.0920152173271
96.35954167329811
95.0281255551494
95.84334548753556
115.43714949556924
95.0419301834081
78.53247101262927
101.12924639930434
99.00485779864984
86.56641866904519
89.88530433126822
104.14645255538208
59.130777155497995
68.98596359026352
78.45251037913538
120.02200443381123
149.34457256068922
138.81395427319657
134.18678889958503
132.83054821261194
229.2468746019367
71.53131804919222
113.90846190293642
89.49092124124122
97.15059500708038
305.7297753476006
124.89371068548306
55.17360315030349
52.85960422581702
56.19267505283115
74.5756280290905
129.6072216917003
131.00931551782114
87.93804747227009
219.7845875037226
158.25514919801117
158.91210263969953
34.65448060578687
45.54457985105498
186.40278516259337
62.22018994220781
62.26127919004609
62.18548594328252
72.70843983387368
242.79548781584623
83.21568423764855
99.22347633858975
46.39458672936794
61.741103836844864
45.380572493060164
52.45616375191531
129.58316469228816
316.7632304723343
59.97896923696663
145.88913283034896
31.75111425406698
38.658994386842714
73.9460564696688
43.4939352243259
46.481708326111
26.23056633616482
70.86242421420035
58.61848884296808
48.2894602921868
35.95888508292723
27.18923323099729
67.79887253888938
24.506147986976128
58.174644001859114
57.32701175525679
134.78389908350803
51.880682009883024
59.13063664426473
86.87248422523355
45.09127077890219
32.22720520323323
59.08060009223898
62.32920583725204
88.61620649276693
113.6395735169128
173.10914456120202
104.66748461170859
161.31497523118983
147.39312687290175
129.88089848521057
149.8677358698575
58.276181757492616
102.3613411059802
60.185645977856005
49.875402485025226
145.9825691019766
85.87098893217397
56.546392404540256
26.575858892461287
112.01272889196397
102.97977183044209
109.54156003299667
122.0406106658793
131.26663502072125
96.25923073068981
94.72517874925427
93.02084465891947
103.06874163290783
68.7185051123844
83.5282354359049
74.85741076291718
105.2192635132739
44.854089022386084
66.06376865887708
48.56016084362792
47.15468071994762
96.84338241832167
145.05173256263473
75.99155742905853
72.84812593699021
93.31235926413162
137.8512422677447
226.50431099988933
75.90250414386493
173.4125770360226
176.7711612680905
103.33826136059245
166.43875233273965
50.11769758740588
50.75423357709038
75.47694826253225
90.78153839065548
108.10963718229087
140.38922868780506
87.37558311221854
137.28219760904315
108.32176343339049
57.139800130768734
49.4753333860778
33.59867182021846
100.38738486520937
33.40640149121391
125.33332514762363
127.87624553605883
90.4148484428695
64.29240720179506
47.453760542630164
98.07060313561416
33.04492992553916
110.09381292310766
110.4583991114855
41.435649265012295
119.54802186681651
119.35612205633205
122.11885477859146
116.0915856809954
66.98690166503702
35.96648792136059
118.92916302296811
118.93544046765537
106.62409079932539
74.42069934138013
114.13118846112282
119.73028255798462
89.83974138884766
74.2627448942032
134.4631781498786
145.3624563728552
130.25170641276102
54.082685515344195
71.62224355674279
113.29985041616213
105.47088884907456
59.31287746655835
130.031493619395
139.70060691395045
78.66941391588422
163.66006893566396
88.79433397943461
99.42548387165972
106.68163833943792
111.24232009233899
61.54657662562971
73.21395684621093
114.97710745772017
204.56520379878734
96.961881853061
83.73817647046775
88.92267944614905
75.07761006725416
124.61583082433178
141.54434610325058
75.79960319560399
75.2686305049894
74.04698819092626
74.14124591344721
74.48600956293483
75.8730360177989
73.24696348673034
75.23012823416481
135.62008373456015
141.8872032297611
140.71635550096158
113.79144498013315
81.46303186287855
50.354132520199734
53.33726799962099
159.87905950194835
154.44805070902905
133.17504086186554
170.22489660623935
154.28782576387985
69.45620501354104
122.51222158584999
114.9160418965986
60.482402207209034
64.91127675561972
47.77307181078779
41.1038809619274
160.1518265098998
159.9491707298027
86.13213767206852
93.49859552551254
67.88536259538374
29.77588987083494
40.38963584046276
154.14927183140617
81.32521170807804
91.2039770328812
202.04522952131637
116.65603204905187
75.6848554794643
119.30012534509369
130.17262261693216
117.45014912131079
78.01401647827883
67.34071795704793
134.24914903177734
134.15265557642155
143.34908535492505
56.021966182581245
111.98044805517839
103.12101645000713
79.3114584668461
133.63159849421206
120.64385602118604
85.59000320547119
90.18672527375013
155.17300713814282
79.81102951043688
140.77907328500814
117.30235001077288
108.61979627200714
52.92920639292892
101.56052438211805
119.19264777494008
102.90785711985005
115.12013780370906
94.18420529140155
110.79456376405172
99.397601132899
96.84532443811794
103.6032293166262
153.82313687216885
98.38627534794271
116.60344026466123
122.50430320579545
146.4042099711849
139.68097967345724
139.76093538165415
139.1731218647178
86.59702676500596
139.39471799102282
88.48659077558288
137.81684454806134
138.71122369361217
132.4114868226396
115.40894006566323
138.6557512177374
138.18258450383442
138.70034376529526
138.83467573711857
138.0072749290143
139.6361500802118
87.32633327638653
111.55081360749561
104.8832582607587
139.6217688637916
138.7500932558754
137.91695791891593
146.2246416036689
138.63211144847554
95.28616675677986
113.26443552883246
138.93251961311546
139.61645654716955
139.01299766311263
139.06155980255377
87.69089310173433
138.83058301473682
157.82906471713883
118.01507738044194
108.91558543024351
126.69836681739476
138.88546273964266
91.86522218091305
139.68142839952893
109.70482114839325
139.57643068264687
139.39134668641256
140.21601226808727
138.15261866780963
141.38439675679635
136.1773712062813
139.1636522470643
139.09462186999914
138.2664878139624
138.40893529121522
146.22570040379432
121.65188265685526
92.80372046145445
149.95639578935965
139.53743154251143
87.2860483577333
140.4593777305293
138.81377146255218
139.18931948157308
139.02602837580642
139.49022796654398
100.6862726322161
139.82237956594315
138.8729002077828
139.59603642510305
144.63021466105573
139.25783704298405
140.14047257329943
139.1997021429007
139.8891548650493
139.43980837450113
139.46697008511126
140.31466010964462
97.12786327269276
131.72771398396603
127.0470895493388
86.59620480381759
98.75088329542025
105.56157509063769
139.42084644506102
114.18530168396406
156.60514508274503
107.05463486230708
90.49711621802986
139.15868420812868
120.32404738515646
138.67067774439153
138.3752966153996
102.17039208400061
86.64787897940984
139.02399585389884
139.64906478840462
136.57201134437227
92.85408860401289
88.30780432789234
135.7584704874588
114.91738945517795
138.47144916873793
136.25441293436606
157.8157921203774
139.68242247906232
103.3731868255433
139.07989509219303
139.83718994349255
104.44955949084965
139.35619767422975
139.29951168653432
136.08635703661287
139.02837965978438
140.37539894098484
142.82751143681907
118.6222069481626
124.61332423537404
104.62083412651602
87.19553963166582
118.78952604299819
90.29656117974686
128.54566032088982
105.36406483704107
117.80725256618979
102.56742990426336
113.64628722345529
199.43731564004682
118.96175973477484
80.51261836086253
135.85116798012027
60.75560550204056
36.05244580829096
35.98280750339144
55.821197290532375
73.37556570714642
66.038977994181
121.65721626912023
103.33918075618863
146.43340435120282
146.3221810767879
82.66651570101808
105.78894243482182
90.97513500033516
97.6564011963266
50.203643369098884
253.15556299336527
132.71416036332766
37.24120894731134
97.34173914828521
128.72880940977495
77.44394808002845
66.39376959937032
95.32055364115094
111.63472626081226
107.37695408757149
74.4252730319847
105.63108371441608
71.15108459146113
38.786422677089824
80.44605567927039
89.45905065055103
80.66020517028998
98.68942787850565
114.34575795640673
84.23513306096532
72.57775069102871
85.03215804749071
115.1032401041915
115.06874158492985
69.99799349606586
46.88846599500094
58.0273840296646
50.09291919655465
72.09685835239789
77.03537111839907
111.15078649175445
156.74245890628256
75.86469341063608
82.04468249994308
86.27810990106592
81.44425535544468
119.07670812107823
52.85951646191628
157.93006842874192
60.04555488296276
140.20069929191266
96.77100939857553
161.32104878220852
40.476198314074445
70.25998303404117
97.77880301338054
145.1932181581125
191.10233849861882
55.437575141485794
191.49442158960068
57.39201655722041
50.554413922418895
91.94961888636367
90.23862277917314
145.94703315766333
75.45020103773143
80.2828648804314
137.17445991461776
133.48904196722611
129.84860791702286
135.67087095249062
57.98697221357896
111.55741787116963
93.16963360704578
107.15207798898079
107.15919751516752
94.39621742003061
104.30145726703704
62.43583708860051
61.57121054601318
99.9904878534616
103.49760359429355
138.58306523030757
191.06362568569622
182.33702748653045
49.62210799824541
62.13166014581199
112.27325212910462
116.40664736452591
68.46418778449164
73.35316633235857
58.15295707761823
71.93337696310886
99.67874127231754
98.00337717554308
94.7980761201629
82.76636852563672
78.34944070770341
94.49386100992552
78.67095126366019
86.99177214873319
105.82440673743065
138.17087681464614
71.66050616877386
80.52553613442383
132.29450975608376
84.81352078333575
59.13573368653224
64.84330939080279
132.22909154711485
131.46395739310927
92.48587690945234
99.85978590503015
88.26026316063239
190.61558385482263
61.040268253431705
66.88585540588127
91.0248513401408
157.3606496556532
171.66799587750572
62.086714120613635
76.81424623963181
53.51444927971516
86.85592466791117
142.52138990987004
94.58980834568058
109.76549605735437
162.9398277014266
93.50536791714362
131.81478384714043
72.14421277631908
68.71091600428493
70.43691848215549
111.5046770088084
107.94701488026688
66.97238339144901
126.82764900466883
77.92923040598949
84.5247288987594
85.52199526128604
195.45567121889547
97.84510716453566
97.86738855196252
75.538726532523
76.97837207833685
143.71675488483538
145.50857257389347
141.35215739103165
58.24451688427957
153.0120587963242
143.50150759113558
138.7365776058831
200.00761461601155
187.88185037177078
194.5083779151468
142.60459559671554
126.4872926272651
72.69175237794686
69.97130038268882
76.95516932519276
169.03609619140707
57.17641265590457
167.69387024753698
167.82193946771693
167.7024347532962
167.87346216705478
167.66853110824235
149.46381234329624
167.87946774114735
60.16875529627
167.78819672892783
195.88201101586074
167.8234976599355
195.72775095459363
73.33706200764479
87.13202293696136
167.74506185243828
168.20855993434174
104.42145890654766
167.63833130056008
167.98967439361914
104.47337856212313
90.99841209544839
104.32494621841397
96.3625909074868
168.04650589876326
104.3953771490145
38.88342879086857
106.29055024758824
167.86195205040383
92.46372946036071
167.87346216705478
168.14874356228032
167.8980579664957
163.45667087315712
196.5476588185713
162.37228148990266
167.96282539391567
163.63917328287002
162.39426871846965
168.09837348421007
196.58184234396256
167.81056297024952
195.64136523045264
167.94157645607393
195.75853444441753
168.05588132566302
167.91561968224133
233.01720920332772
196.57236442067116
81.82451356098763
167.66475180796854
167.79142750655953
167.76552385391625
72.8631561602556
80.25297654338225
167.75384160314167
146.92831792980797
108.87114369769841
167.7955934373622
167.80334703792357
169.97705452555834
167.85828999264535
109.47861353572655
167.99779668037885
167.98967439361914
168.04708682890225
126.45076810804404
154.81346877630116
167.7686867573546
167.6192306825566
109.77239213851946
167.89040911403004
95.61640518053524
167.8435508940684
167.677100015379
195.64440937214601
168.09546660583868
106.63295801002845
167.81728934289055
167.66853110824235
195.71997691960436
167.99005262433113
47.25626883545962
85.68607193699496
85.99405833155953
45.380483499587335
167.63321530570795
231.97751009286327
167.94157645607393
195.75853444441753
146.92831792980797
108.87114369769841
195.60614481458313
168.79300970659898
168.6699079914624
168.6101063929703
163.49780753386057
