1 1
501 257
1001 450
1501 610
2001 738
2501 855
3001 962
3501 1059
4001 1224
4501 1347
5001 1461
5501 1548
6001 1634
6501 1729
7001 1823
7501 1936
8001 2035
8501 2159
9001 2282
9501 2368
10001 2375
10501 2375
11001 2375
11501 2375
12001 2375
12501 2375
13001 2375
13501 2375
14001 2375
14501 2375
15001 2375
15501 2375
16001 2376
16501 2477
17001 2566
17501 2689
18001 2812
18501 2917
19001 2993
19501 2993
20001 2993
20501 2993
21001 2993
21501 2993
22001 2993
22501 2993
23001 2993
23501 2993
24001 2993
24501 2993
25001 2993
25501 2994
26001 3077
26501 3176
27001 3247
27501 3351
28001 3444
28501 3546
29001 3642
29501 3745
30001 3831
30501 3920
31001 4020
31501 4102
32001 4231
32501 4331
33001 4353
33501 4353
34001 4354
34501 4426
35001 4489
35501 4560
36001 4636
36501 4689
37001 4739
37501 4797
38001 4855
38501 4895
39001 4949
39501 4985
40001 5040
40501 5135
41001 5251
41501 5315
42001 5315
42501 5315
43001 5315
43501 5315
44001 5315
44501 5315
45001 5316
45501 5316
46001 5316
46501 5316
47001 5316
47501 5316
48001 5316
48501 5316
49001 5316
49501 5316
50001 5316
50501 5316
51001 5316
51501 5316
52001 5316
52501 5316
53001 5316
53501 5316
54001 5316
54501 5316
55001 5316
55501 5316
56001 5316
56501 5316
57001 5316
57501 5316
58001 5316
58501 5316
59001 5316
59501 5316
60001 5323
60501 5391
61001 5461
61501 5667
62001 5904
62501 5960
63001 5973
63501 6149
64001 6209
64501 6313
65001 6402
65501 6498
66001 6595
66501 6655
67001 6758
67501 6855
68001 6907
68501 6975
69001 7044
69501 7106
70001 7158
70501 7215
71001 7256
71501 7256
72001 7294
72501 7353
73001 7383
73501 7388
74001 7472
74501 7517
75001 7547
75501 7579
76001 7603
76501 7639
77001 7671
77501 7704
78001 7787
78501 7866
79001 7991
79501 8101
80001 8195
80501 8300
81001 8402
81501 8515
82001 8616
82501 8710
83001 8802
83501 8886
84001 8978
84501 9070
85001 9159
85501 9255
86001 9326
86501 9389
87001 9465
87501 9538
88001 9594
88501 9611
89001 9663
89501 9709
90001 9752
90501 9785
91001 9796
91501 9821
92001 9895
92501 9994
93001 10072
93501 10141
94001 10222
94501 10291
95001 10358
95501 10436
96001 10495
96501 10555
97001 10612
97501 10672
98001 10739
98501 10797
99001 10860
99501 10920
100001 10974
100501 11104
101001 11290
101501 11341
102001 11450
102501 11527
103001 11601
103501 11712
104001 11803
104501 11910
105001 11996
105501 12073
106001 12166
106501 12254
107001 12327
107501 12392
108001 12483
108501 12553
109001 12638
109501 12703
110001 12759
110501 12816
111001 12885
111501 12945
112001 12976
112501 13009
113001 13033
113501 13055
114001 13079
114501 13100
115001 13129
115501 13151
116001 13191
116501 13215
117001 13239
117501 13239
118001 13261
118501 13268
119001 13290
119501 13357
120001 13368
120501 13412
121001 13483
121501 13568
122001 13581
122501 13586
123001 13589
123501 13599
124001 13606
124501 13609
125001 13640
125501 13698
126001 13756
126501 13836
127001 13875
127501 13901
128001 13955
128501 14007
129001 14070
129501 14143
130001 14203
130501 14269
131001 14329
131501 14393
132001 14445
132501 14513
133001 14557
133501 14612
134001 14669
134501 14732
135001 14794
135501 14839
136001 14846
136501 14859
137001 14874
137501 14902
138001 14947
138501 14993
139001 15027
139501 15055
140001 15089
140501 15115
141001 15142
141501 15166
142001 15176
142501 15187
143001 15222
143501 15259
144001 15289
144501 15316
145001 15346
145501 15381
146001 15426
146501 15464
147001 15486
147501 15508
148001 15533
148501 15570
149001 15605
149501 15641
150001 15662
150501 15680
151001 15742
151501 15776
152001 15776
152501 15781
153001 15832
153501 15875
154001 15902
154501 15923
155001 15942
155501 15975
156001 16012
156501 16038
157001 16086
157501 16116
158001 16142
158501 16144
159001 16144
159501 16144
160001 16168
160501 16189
161001 16244
161501 16279
162001 16314
162501 16342
163001 16379
163501 16387
164001 16428
164501 16463
165001 16500
165501 16570
166001 16589
166501 16620
167001 16648
167501 16671
168001 16691
168501 16707
169001 16731
169501 16742
170001 16784
170501 16807
171001 16829
171501 16861
172001 16881
172501 16890
173001 16920
173501 16920
174001 16920
174501 16938
175001 16962
175501 17004
176001 17032
176501 17050
177001 17059
177501 17080
178001 17094
178501 17127
179001 17138
179501 17163
180001 17175
180501 17175
181001 17175
181501 17175
182001 17175
182501 17175
183001 17175
183501 17175
184001 17189
184501 17212
185001 17246
185501 17259
186001 17272
186501 17277
187001 17287
187501 17287
188001 17287
188501 17297
189001 17303
189501 17325
190001 17339
190501 17356
191001 17383
191501 17397
192001 17417
192501 17438
193001 17451
193501 17469
194001 17478
194501 17494
195001 17508
195501 17513
196001 17524
196501 17528
197001 17528
197501 17528
198001 17528
198501 17528
199001 17528
199501 17528
200001 17528
200501 17528
201001 17528
201501 17528
202001 17532
202501 17561
203001 17599
203501 17627
204001 17661
204501 17683
205001 17717
205501 17737
206001 17748
206501 17782
207001 17803
207501 17825
208001 17844
208501 17857
209001 17876
209501 17896
210001 17913
210501 17929
211001 17955
211501 17991
212001 18017
212501 18060
213001 18081
213501 18120
214001 18141
214501 18186
215001 18206
215501 18208
216001 18208
216501 18210
217001 18228
217501 18266
218001 18294
218501 18312
219001 18339
219501 18350
220001 18413
220501 18442
221001 18456
221501 18495
222001 18534
222501 18554
223001 18575
223501 18596
224001 18620
224501 18731
225001 18953
225501 19164
226001 19410
226501 19591
227001 19694
227501 19706
228001 19711
228501 19731
229001 19768
229501 19806
230001 19843
230501 19875
231001 19910
231501 19947
232001 19980
232501 20006
233001 20043
233501 20075
234001 20109
234501 20142
235001 20176
235501 20195
236001 20299
236501 20420
237001 20456
237501 20492
238001 20535
238501 20570
239001 20593
239501 20627
240001 20658
240501 20694
241001 20721
241501 20747
242001 20766
242501 20790
243001 20819
243501 20848
244001 20881
244501 21020
245001 21044
245501 21059
246001 21072
246501 21083
247001 21097
247501 21112
248001 21179
248501 21228
249001 21228
249501 21232
250001 21249
250501 21270
251001 21299
251501 21357
252001 21381
252501 21412
253001 21427
253501 21471
254001 21519
254501 21552
255001 21588
255501 21629
256001 21660
256501 21689
257001 21712
257501 21712
258001 21712
258501 21712
259001 21712
259501 21721
260001 21734
260501 21751
261001 21763
261501 21776
262001 21793
262501 21887
263001 21970
263501 22083
264001 22192
264501 22295
265001 22412
265501 22464
266001 22464
266501 22464
267001 22464
267501 22464
268001 22497
268501 22529
269001 22569
269501 22602
270001 22632
270501 22673
271001 22701
271501 22742
272001 22776
272501 22808
273001 22845
273501 22879
274001 22905
274501 22938
275001 22970
275501 23005
276001 23042
276501 23069
277001 23113
277501 23241
278001 23279
278501 23326
279001 23361
279501 23393
280001 23419
280501 23448
281001 23472
281501 23497
282001 23521
282501 23547
283001 23627
283501 23657
284001 23726
284501 23795
285001 23797
285501 23797
286001 23797
286501 23802
287001 23874
287501 23895
288001 23907
288501 23916
289001 23928
289501 23942
290001 23953
290501 23967
291001 23978
291501 23985
292001 24002
292501 24009
293001 24022
293501 24042
294001 24074
294501 24113
295001 24136
295501 24166
296001 24188
296501 24222
297001 24259
297501 24289
298001 24320
298501 24353
299001 24374
299501 24400
300001 24420
300501 24447
301001 24469
301501 24545
302001 24567
302501 24590
303001 24611
303501 24624
304001 24628
304501 24628
305001 24628
305501 24631
306001 24699
306501 24718
307001 24731
307501 24751
308001 24771
308501 24790
309001 24811
309501 24824
310001 24839
310501 24856
311001 24924
311501 24960
312001 25041
312501 25057
313001 25070
313501 25088
314001 25108
314501 25116
315001 25121
315501 25148
316001 25164
316501 25201
317001 25242
317501 25284
318001 25297
318501 25308
319001 25322
319501 25337
320001 25359
320501 25408
321001 25420
321501 25421
322001 25465
322501 25532
323001 25560
323501 25586
324001 25601
324501 25629
325001 25647
325501 25670
326001 25699
326501 25749
327001 25823
327501 25875
328001 25920
328501 26023
329001 26269
329501 26296
330001 26318
330501 26328
331001 26331
331501 26345
332001 26371
332501 26389
333001 26428
333501 26450
334001 26474
334501 26488
335001 26497
335501 26513
336001 26536
336501 26553
337001 26568
337501 26589
338001 26602
338501 26617
339001 26637
339501 26650
340001 26655
340501 26680
341001 26690
341501 26697
342001 26743
342501 26785
343001 26838
343501 26884
344001 26918
344501 26925
345001 26939
345501 26955
346001 26969
346501 26986
347001 26996
347501 27007
348001 27022
348501 27033
349001 27044
349501 27066
350001 27082
350501 27097
351001 27117
351501 27131
352001 27181
352501 27200
353001 27255
353501 27296
354001 27320
354501 27348
355001 27363
355501 27378
356001 27403
356501 27414
357001 27437
357501 27578
358001 27604
358501 27616
359001 27624
359501 27638
360001 27658
360501 27672
361001 27689
361501 27777
362001 27878
362501 27969
363001 28056
363501 28129
364001 28213
364501 28289
365001 28357
365501 28438
366001 28533
366501 28592
367001 28671
367501 28760
368001 28834
368501 28904
369001 28975
369501 29055
370001 29118
370501 29167
371001 29184
371501 29198
372001 29262
372501 29379
373001 29482
373501 29581
374001 29690
374501 29798
375001 29892
375501 29988
376001 30085
376501 30165
377001 30257
377501 30345
378001 30440
378501 30528
379001 30604
379501 30698
380001 30786
380501 30802
381001 30814
381501 30832
382001 30859
382501 30883
383001 30903
383501 30930
384001 30947
384501 30963
385001 31000
385501 31047
386001 31079
386501 31119
387001 31166
387501 31193
388001 31235
388501 31262
389001 31300
389501 31332
390001 31364
390501 31398
391001 31440
391501 31474
392001 31518
392501 31547
393001 31581
393501 31598
394001 31619
394501 31637
395001 31692
395501 31731
396001 31735
396501 31741
397001 31742
397501 31762
398001 31778
398501 31805
399001 31834
399501 31855
400001 31863
400501 31867
401001 31868
401501 31873
402001 31878
402501 31880
403001 31890
403501 31897
404001 31902
404501 31904
405001 31906
405501 31908
406001 31912
406501 31915
407001 31918
407501 31919
408001 31922
408501 31928
409001 31934
409501 31939
410001 31939
410501 31939
411001 31939
411501 31941
412001 31942
412501 31942
413001 31942
413501 31950
414001 31993
414501 32009
415001 32017
415501 32025
416001 32030
416501 32043
417001 32075
417501 32100
418001 32127
418501 32153
419001 32178
419501 32193
420001 32207
420501 32207
421001 32207
421501 32209
422001 32210
422501 32210
423001 32210
423501 32210
424001 32210
424501 32239
425001 32246
425501 32258
426001 32271
426501 32275
427001 32287
427501 32298
428001 32308
428501 32314
429001 32333
429501 32342
430001 32354
430501 32360
431001 32372
431501 32396
432001 32427
432501 32458
433001 32475
433501 32489
434001 32521
434501 32549
435001 32559
435501 32589
436001 32637
436501 32675
437001 32736
437501 32789
438001 32811
438501 32876
439001 32917
439501 32956
440001 32996
440501 33036
441001 33050
441501 33070
442001 33092
442501 33111
443001 33145
443501 33164
444001 33191
444501 33224
445001 33244
445501 33262
446001 33283
446501 33306
447001 33332
447501 33356
448001 33374
448501 33384
449001 33399
449501 33425
450001 33591
450501 33653
451001 33672
451501 33698
452001 33722
452501 33756
453001 33782
453501 33818
454001 33861
454501 33902
455001 33940
455501 33967
456001 34009
456501 34047
457001 34079
457501 34112
458001 34140
458501 34176
459001 34215
459501 34252
460001 34296
460501 34315
461001 34331
461501 34357
462001 34385
462501 34404
463001 34428
463501 34449
464001 34474
464501 34495
465001 34512
465501 34537
466001 34559
466501 34578
467001 34596
467501 34626
468001 34641
468501 34763
469001 34790
469501 34806
470001 34821
470501 34838
471001 34864
471501 34910
472001 34963
472501 34983
473001 35009
473501 35026
474001 35052
474501 35081
475001 35104
475501 35109
476001 35113
476501 35154
477001 35190
477501 35218
478001 35259
478501 35291
479001 35326
479501 35362
480001 35392
480501 35430
481001 35464
481501 35505
482001 35537
482501 35580
483001 35611
483501 35639
484001 35670
484501 35698
485001 35728
485501 35767
486001 35881
486501 35913
487001 35946
487501 35965
488001 35978
488501 35993
489001 36016
489501 36024
490001 36042
490501 36059
491001 36075
491501 36095
492001 36143
492501 36193
493001 36240
493501 36285
494001 36323
494501 36361
495001 36411
495501 36453
496001 36497
496501 36546
497001 36585
497501 36635
498001 36672
498501 36709
499001 36758
499501 36904
500001 36971
500501 36995
501001 37017
501501 37038
502001 37044
502501 37067
503001 37101
503501 37108
504001 37134
504501 37178
505001 37187
505501 37195
506001 37200
506501 37233
507001 37256
507501 37278
508001 37290
508501 37291
509001 37291
509501 37293
510001 37306
510501 37314
511001 37324
511501 37331
512001 37335
512501 37348
513001 37363
513501 37392
514001 37414
514501 37432
515001 37457
515501 37471
516001 37495
516501 37525
517001 37548
517501 37570
518001 37588
518501 37604
519001 37622
519501 37644
520001 37664
520501 37680
521001 37692
521501 37718
522001 37732
522501 37746
523001 37761
523501 37815
524001 37961
524501 37976
525001 37995
525501 38002
526001 38008
526501 38008
527001 38008
527501 38008
528001 38009
528501 38010
529001 38014
529501 38014
530001 38020
530501 38043
531001 38067
531501 38072
532001 38078
532501 38091
533001 38155
533501 38172
534001 38208
534501 38235
535001 38252
535501 38271
536001 38284
536501 38305
537001 38317
537501 38331
538001 38349
538501 38357
539001 38369
539501 38379
540001 38391
540501 38401
541001 38480
541501 38604
542001 38609
542501 38618
543001 38631
543501 38634
544001 38644
544501 38662
545001 38679
545501 38679
546001 38682
546501 38700
547001 38706
547501 38732
548001 38735
548501 38755
549001 38773
549501 38780
550001 38782
550501 38788
551001 38795
551501 38798
552001 38804
552501 38811
553001 38827
553501 38833
554001 38854
554501 38866
555001 38888
555501 38901
556001 38912
556501 38922
557001 38944
557501 38950
558001 38965
558501 38975
559001 38977
559501 38979
560001 38987
560501 38991
561001 39004
561501 39017
562001 39026
562501 39040
563001 39049
563501 39058
564001 39063
564501 39076
565001 39094
565501 39130
566001 39175
566501 39209
567001 39257
567501 39279
568001 39293
568501 39297
569001 39313
569501 39333
570001 39349
570501 39361
571001 39415
571501 39422
572001 39432
572501 39447
573001 39460
573501 39471
574001 39480
574501 39490
575001 39526
575501 39535
576001 39538
576501 39545
577001 39562
577501 39574
578001 39586
578501 39594
579001 39603
579501 39614
580001 39631
580501 39651
581001 39662
581501 39667
582001 39670
582501 39681
583001 39702
583501 39702
584001 39702
584501 39715
585001 39722
585501 39735
586001 39753
586501 39761
587001 39776
587501 39795
588001 39799
588501 39811
589001 39825
589501 39831
590001 39831
590501 39831
591001 39831
591501 39831
592001 39831
592501 39831
593001 39852
593501 39876
594001 39896
594501 39918
595001 39937
595501 39952
596001 39982
596501 40011
597001 40023
597501 40036
598001 40072
598501 40077
599001 40077
599501 40094
600001 40122
600501 40122
601001 40136
601501 40143
602001 40144
602501 40156
603001 40187
603501 40208
604001 40226
604501 40232
605001 40233
605501 40234
606001 40237
606501 40241
607001 40242
607501 40245
608001 40246
608501 40272
609001 40284
609501 40291
610001 40300
610501 40301
611001 40301
611501 40301
612001 40306
612501 40309
613001 40326
613501 40334
614001 40347
614501 40376
615001 40389
615501 40399
616001 40419
616501 40437
617001 40467
617501 40482
618001 40491
618501 40523
619001 40543
619501 40629
620001 40640
620501 40650
621001 40663
621501 40669
622001 40679
622501 40711
623001 40724
623501 40743
624001 40773
624501 40778
625001 40784
625501 40789
626001 40789
626501 40802
627001 40808
627501 40808
628001 40835
628501 40841
629001 40849
629501 40861
630001 40866
630501 40875
631001 40878
631501 40886
632001 40902
632501 40905
633001 40906
633501 40911
634001 40922
634501 40925
635001 40932
635501 40942
636001 40963
636501 40975
637001 40989
637501 40992
638001 41001
638501 41007
639001 41027
639501 41061
640001 41062
640501 41064
641001 41064
641501 41064
642001 41066
642501 41069
643001 41072
643501 41074
644001 41078
644501 41078
645001 41078
645501 41078
646001 41078
646501 41136
647001 41314
647501 41339
648001 41345
648501 41382
649001 41396
649501 41418
650001 41445
650501 41463
651001 41482
651501 41489
652001 41517
652501 41538
653001 41548
653501 41570
654001 41588
654501 41629
655001 41634
655501 41637
656001 41648
656501 41665
657001 41672
657501 41678
658001 41686
658501 41699
659001 41700
659501 41700
660001 41700
660501 41700
661001 41700
661501 41756
662001 41774
662501 41781
663001 41782
663501 41797
664001 41807
664501 41825
665001 41839
665501 41859
666001 41877
666501 41889
667001 41905
667501 41929
668001 41948
668501 41966
669001 41981
669501 41990
670001 42002
670501 42019
671001 42034
671501 42048
672001 42067
672501 42082
673001 42099
673501 42109
674001 42118
674501 42131
675001 42143
675501 42157
676001 42199
676501 42216
677001 42216
677501 42217
678001 42230
678501 42253
679001 42319
679501 42391
680001 42466
680501 42542
681001 42619
681501 42650
682001 42675
682501 42707
683001 42722
683501 42748
684001 42767
684501 42774
685001 42780
685501 42788
686001 42807
686501 42867
687001 42909
687501 42966
688001 43007
688501 43032
689001 43052
689501 43085
690001 43110
690501 43128
691001 43164
691501 43201
692001 43209
692501 43218
693001 43233
693501 43243
694001 43270
694501 43290
695001 43304
695501 43314
696001 43319
696501 43330
697001 43347
697501 43363
698001 43369
698501 43382
699001 43396
699501 43401
700001 43407
700501 43409
701001 43411
701501 43421
702001 43431
702501 43440
703001 43446
703501 43452
704001 43460
704501 43475
705001 43492
705501 43502
706001 43523
706501 43541
707001 43567
707501 43581
708001 43588
708501 43618
709001 43642
709501 43661
710001 43678
710501 43685
711001 43693
711501 43702
712001 43704
712501 43706
713001 43710
713501 43716
714001 43723
714501 43732
715001 43743
715501 43747
716001 43750
716501 43757
717001 43771
717501 43793
718001 43803
718501 43814
719001 43820
719501 43841
720001 43851
720501 43867
721001 43874
721501 43876
722001 43881
722501 43890
723001 43895
723501 43903
724001 43911
724501 43937
725001 43962
725501 43980
726001 44005
726501 44043
727001 44043
727501 44043
728001 44045
728501 44056
729001 44058
729501 44058
730001 44059
730501 44059
731001 44065
731501 44072
732001 44084
732501 44086
733001 44086
733501 44095
734001 44110
734501 44112
735001 44115
735501 44117
736001 44119
736501 44120
737001 44124
737501 44124
738001 44125
738501 44132
739001 44144
739501 44147
740001 44157
740501 44157
741001 44161
741501 44164
742001 44168
742501 44168
743001 44169
743501 44179
744001 44206
744501 44211
745001 44216
745501 44229
746001 44246
746501 44251
747001 44258
747501 44265
748001 44276
748501 44279
749001 44288
749501 44302
750001 44316
750501 44329
751001 44347
751501 44367
752001 44376
752501 44406
753001 44413
753501 44422
754001 44433
754501 44451
755001 44465
755501 44477
756001 44484
756501 44500
757001 44507
757501 44517
758001 44566
758501 44602
759001 44630
759501 44669
760001 44699
760501 44723
761001 44723
761501 44723
762001 44723
762501 44736
763001 44759
763501 44772
764001 44777
764501 44781
765001 44791
765501 44796
766001 44799
766501 44802
767001 44805
767501 44815
768001 44827
768501 44828
769001 44859
769501 44865
770001 44880
770501 44892
771001 44902
771501 44939
772001 44978
772501 45013
773001 45050
773501 45061
774001 45091
774501 45159
775001 45160
775501 45160
776001 45160
776501 45173
777001 45181
777501 45189
778001 45205
778501 45221
779001 45223
779501 45229
780001 45245
780501 45263
781001 45284
781501 45292
782001 45303
782501 45324
783001 45347
783501 45358
784001 45364
784501 45367
785001 45379
785501 45379
786001 45379
786501 45379
787001 45379
787501 45379
788001 45379
788501 45379
789001 45379
789501 45379
790001 45380
790501 45418
791001 45457
791501 45474
792001 45474
792501 45474
793001 45474
793501 45474
794001 45474
794501 45477
795001 45477
795501 45477
796001 45477
796501 45485
797001 45490
797501 45499
798001 45508
798501 45517
799001 45517
799501 45517
800001 45517
800501 45531
801001 45543
801501 45567
802001 45580
802501 45606
803001 45617
803501 45627
804001 45642
804501 45650
805001 45654
805501 45661
806001 45672
806501 45685
807001 45699
807501 45772
808001 45815
808501 45816
809001 45825
809501 45825
810001 45855
810501 45869
811001 45918
811501 45922
812001 45939
812501 45946
813001 45948
813501 46002
814001 46081
814501 46142
815001 46154
815501 46164
816001 46173
816501 46187
817001 46220
817501 46226
818001 46232
818501 46240
819001 46246
819501 46253
820001 46258
820501 46271
821001 46284
821501 46288
822001 46294
822501 46309
823001 46318
823501 46323
824001 46334
824501 46341
825001 46350
825501 46361
826001 46366
826501 46391
827001 46409
827501 46426
828001 46443
828501 46458
829001 46479
829501 46509
830001 46531
830501 46549
831001 46568
831501 46573
832001 46581
832501 46586
833001 46611
833501 46635
834001 46655
834501 46695
835001 46712
835501 46722
836001 46735
836501 46755
837001 46779
837501 46796
838001 46813
838501 46821
839001 46822
839501 46822
840001 46822
840501 46823
841001 46823
841501 46823
842001 46823
842501 46823
843001 46823
843501 46823
844001 46823
844501 46823
845001 46823
845501 46823
846001 46823
846501 46823
847001 46823
847501 46823
848001 46823
848501 46823
849001 46823
849501 46823
850001 46823
850501 46823
851001 46823
851501 46823
852001 46823
852501 46845
853001 46846
853501 46857
854001 46860
854501 46868
855001 46878
855501 46888
856001 46928
856501 46939
857001 46949
857501 46957
858001 46970
858501 46975
859001 46990
859501 47011
860001 47032
860501 47043
861001 47066
861501 47075
862001 47079
862501 47104
863001 47124
863501 47149
864001 47155
864501 47171
865001 47180
865501 47194
866001 47210
866501 47238
867001 47256
867501 47256
868001 47269
868501 47287
869001 47326
869501 47430
870001 47444
870501 47461
871001 47466
871501 47479
872001 47479
872501 47479
873001 47479
873501 47491
874001 47499
874501 47508
875001 47516
875501 47523
876001 47528
876501 47536
877001 47537
877501 47537
878001 47537
878501 47537
879001 47537
879501 47537
880001 47537
880501 47538
881001 47538
881501 47546
882001 47552
882501 47555
883001 47556
883501 47561
884001 47562
884501 47568
885001 47594
885501 47608
886001 47620
886501 47623
887001 47720
887501 47720
888001 47720
888501 47720
889001 47720
889501 47729
890001 47751
890501 47766
891001 47775
891501 47791
892001 47800
892501 47816
893001 47822
893501 47835
894001 47841
894501 47858
895001 47883
895501 47897
896001 47927
896501 47958
897001 47964
897501 47964
898001 47964
898501 47965
899001 47972
899501 47993
900001 48016
900501 48061
901001 48083
901501 48091
902001 48111
902501 48148
903001 48199
903501 48211
904001 48216
904501 48228
905001 48246
905501 48256
906001 48262
906501 48268
907001 48275
907501 48287
908001 48313
908501 48321
909001 48326
909501 48340
910001 48360
910501 48374
911001 48388
911501 48402
912001 48415
912501 48451
913001 48494
913501 48534
914001 48579
914501 48624
915001 48631
915501 48638
916001 48707
916501 48744
917001 48775
917501 48780
918001 48787
918501 48804
919001 48815
919501 48823
920001 48838
920501 48844
921001 48855
921501 48866
922001 48868
922501 48878
923001 48887
923501 48890
924001 48897
924501 48913
925001 48917
925501 48937
926001 48961
926501 48967
927001 48974
927501 48981
928001 49014
928501 49040
929001 49041
929501 49041
930001 49041
930501 49057
931001 49082
931501 49111
932001 49143
932501 49173
933001 49209
933501 49239
934001 49268
934501 49294
935001 49308
935501 49356
936001 49406
936501 49456
937001 49501
937501 49528
938001 49578
938501 49628
939001 49677
939501 49727
940001 49777
940501 49797
941001 49845
941501 49895
942001 49945
942501 49994
943001 50044
943501 50094
944001 50108
944501 50119
945001 50137
945501 50166
946001 50195
946501 50207
947001 50241
947501 50272
948001 50296
948501 50339
949001 50388
949501 50438
950001 50487
950501 50537
951001 50587
951501 50637
952001 50687
952501 50725
953001 50767
953501 50817
954001 50864
954501 50912
955001 50962
955501 51010
956001 51058
956501 51105
957001 51142
957501 51183
958001 51232
958501 51282
959001 51332
959501 51381
960001 51428
960501 51478
961001 51527
961501 51567
962001 51608
962501 51658
963001 51707
963501 51725
964001 51775
964501 51825
965001 51874
965501 51923
966001 51973
966501 52023
967001 52071
967501 52121
968001 52153
968501 52203
969001 52252
969501 52290
970001 52302
970501 52328
971001 52356
971501 52388
972001 52405
972501 52435
973001 52477
973501 52496
974001 52543
974501 52587
975001 52636
975501 52683
976001 52731
976501 52777
977001 52825
977501 52871
978001 52900
978501 52949
979001 52995
979501 53043
980001 53092
980501 53142
981001 53192
981501 53241
982001 53260
982501 53310
983001 53357
983501 53406
984001 53454
984501 53502
985001 53531
985501 53569
986001 53617
986501 53667
987001 53716
987501 53766
988001 53816
988501 53866
989001 53916
989501 53953
990001 53992
990501 54041
991001 54089
991501 54138
992001 54188
992501 54232
993001 54277
993501 54324
994001 54362
994501 54402
995001 54452
995501 54500
996001 54548
996501 54596
997001 54646
997501 54692
998001 54738
998501 54778
999001 54813
999501 54863
1000001 54910
1000501 54959
1001001 55008
1001501 55056
1002001 55103
1002501 55153
1003001 55191
1003501 55228
1004001 55276
1004501 55323
1005001 55369
1005501 55418
1006001 55465
1006501 55514
1007001 55563
1007501 55598
1008001 55639
1008501 55688
1009001 55738
1009501 55787
1010001 55835
1010501 55885
1011001 55934
1011501 55981
1012001 56022
1012501 56061
1013001 56111
1013501 56160
1014001 56180
1014501 56228
1015001 56277
1015501 56322
1016001 56371
1016501 56419
1017001 56439
1017501 56489
1018001 56536
1018501 56582
1019001 56628
1019501 56648
1020001 56697
1020501 56747
1021001 56796
1021501 56845
1022001 56890
1022501 56940
1023001 56988
1023501 57037
1024001 57067
1024501 57116
1025001 57163
1025501 57212
1026001 57259
1026501 57307
1027001 57355
1027501 57400
1028001 57448
1028501 57477
1029001 57527
1029501 57577
1030001 57627
1030501 57677
1031001 57725
1031501 57771
1032001 57818
1032501 57868
1033001 57889
1033501 57901
1034001 57920
1034501 57942
1035001 57974
1035501 57995
1036001 58031
1036501 58058
1037001 58083
1037501 58110
1038001 58152
1038501 58187
1039001 58227
1039501 58263
1040001 58304
1040501 58343
1041001 58382
1041501 58425
1042001 58453
1042501 58502
1043001 58552
1043501 58602
1044001 58626
1044501 58673
1045001 58722
1045501 58772
1046001 58822
1046501 58872
1047001 58894
1047501 58941
1048001 58991
1048501 59037
1049001 59086
1049501 59136
1050001 59185
1050501 59233
1051001 59283
1051501 59318
1052001 59363
1052501 59413
1053001 59462
1053501 59511
1054001 59560
1054501 59609
1055001 59658
1055501 59704
1056001 59741
1056501 59782
1057001 59831
1057501 59879
1058001 59927
1058501 59977
1059001 60022
1059501 60071
1060001 60118
1060501 60158
1061001 60196
1061501 60245
1062001 60294
1062501 60344
1063001 60393
1063501 60442
1064001 60492
1064501 60542
1065001 60582
1065501 60621
1066001 60671
1066501 60720
1067001 60739
1067501 60789
1068001 60839
1068501 60889
1069001 60937
1069501 60987
1070001 61035
1070501 61085
1071001 61135
1071501 61163
1072001 61195
1072501 61228
1073001 61271
1073501 61317
1074001 61354
1074501 61393
1075001 61433
1075501 61465
1076001 61501
1076501 61538
1077001 61587
1077501 61636
1078001 61684
1078501 61733
1079001 61781
1079501 61800
1080001 61850
1080501 61899
1081001 61948
1081501 61997
1082001 62033
1082501 62046
1083001 62072
1083501 62107
1084001 62134
1084501 62162
1085001 62196
1085501 62217
1086001 62267
1086501 62314
1087001 62360
1087501 62408
1088001 62456
1088501 62504
1089001 62552
1089501 62598
1090001 62625
1090501 62672
1091001 62722
1091501 62771
1092001 62791
1092501 62841
1093001 62887
1093501 62937
1094001 62986
1094501 63035
1095001 63084
1095501 63133
1096001 63183
1096501 63213
1097001 63263
1097501 63312
1098001 63361
1098501 63411
1099001 63444
1099501 63481
1100001 63531
1100501 63579
1101001 63629
1101501 63679
1102001 63727
1102501 63776
1103001 63826
1103501 63866
1104001 63901
1104501 63951
1105001 63994
1105501 64044
1106001 64091
1106501 64138
1107001 64186
1107501 64236
1108001 64284
1108501 64317
1109001 64367
1109501 64417
1110001 64467
1110501 64516
1111001 64565
1111501 64614
1112001 64662
1112501 64711
1113001 64740
1113501 64789
1114001 64837
1114501 64885
1115001 64929
1115501 64975
1116001 65022
1116501 65069
1117001 65119
1117501 65138
1118001 65161
1118501 65185
1119001 65229
1119501 65244
1120001 65273
1120501 65302
1121001 65328
1121501 65370
1122001 65418
1122501 65467
1123001 65516
1123501 65562
1124001 65611
1124501 65660
1125001 65710
1125501 65738
1126001 65788
1126501 65838
1127001 65887
1127501 65937
1128001 65987
1128501 66035
1129001 66084
1129501 66134
1130001 66163
1130501 66213
1131001 66263
1131501 66312
1132001 66362
1132501 66412
1133001 66460
1133501 66508
1134001 66555
1134501 66584
1135001 66633
1135501 66681
1136001 66729
1136501 66779
1137001 66829
1137501 66877
1138001 66927
1138501 66975
1139001 67002
1139501 67050
1140001 67099
1140501 67147
1141001 67197
1141501 67247
1142001 67296
1142501 67346
1143001 67396
1143501 67419
1144001 67450
1144501 67493
1145001 67539
1145501 67576
1146001 67607
1146501 67645
1147001 67678
1147501 67720
1148001 67737
1148501 67764
1149001 67802
1149501 67841
1150001 67874
1150501 67916
1151001 67936
1151501 67986
1152001 68036
1152501 68086
1153001 68099
1153501 68122
1154001 68155
1154501 68191
1155001 68226
1155501 68253
1156001 68294
1156501 68326
1157001 68345
1157501 68395
1158001 68445
1158501 68495
1159001 68545
1159501 68595
1160001 68645
1160501 68694
1161001 68743
1161501 68774
1162001 68824
1162501 68874
1163001 68922
1163501 68924
1164001 68943
1164501 68961
1165001 68991
1165501 69023
1166001 69041
1166501 69068
1167001 69096
1167501 69131
1168001 69180
1168501 69227
1169001 69276
1169501 69325
1170001 69375
1170501 69422
1171001 69472
1171501 69515
1172001 69548
1172501 69597
1173001 69647
1173501 69696
1174001 69746
1174501 69796
1175001 69844
1175501 69892
1176001 69935
1176501 69969
1177001 70019
1177501 70066
1178001 70115
1178501 70165
1179001 70212
1179501 70262
1180001 70312
1180501 70355
1181001 70391
1181501 70438
1182001 70488
1182501 70535
1183001 70585
1183501 70633
1184001 70681
1184501 70729
1185001 70774
1185501 70807
1186001 70856
1186501 70904
1187001 70952
1187501 70978
1188001 71019
1188501 71069
1189001 71118
1189501 71168
1190001 71217
1190501 71266
1191001 71315
1191501 71363
1192001 71403
1192501 71444
1193001 71494
1193501 71544
1194001 71593
1194501 71643
1195001 71692
1195501 71740
1196001 71788
1196501 71821
1197001 71863
1197501 71911
1198001 71959
1198501 72009
1199001 72059
1199501 72108
1200001 72157
1200501 72203
1201001 72242
1201501 72251
1202001 72277
1202501 72296
1203001 72328
1203501 72354
1204001 72377
1204501 72403
1205001 72438
1205501 72470
1206001 72518
1206501 72567
1207001 72616
1207501 72664
1208001 72712
1208501 72760
1209001 72807
1209501 72856
1210001 72886
1210501 72933
1211001 72983
1211501 73033
1212001 73081
1212501 73129
1213001 73178
1213501 73225
1214001 73273
1214501 73303
1215001 73353
1215501 73401
1216001 73451
1216501 73501
1217001 73550
1217501 73600
1218001 73650
1218501 73698
1219001 73728
1219501 73775
1220001 73824
1220501 73872
1221001 73922
1221501 73972
1222001 74021
1222501 74070
1223001 74120
1223501 74152
1224001 74202
1224501 74250
1225001 74299
1225501 74348
1226001 74398
1226501 74448
1227001 74497
1227501 74547
1228001 74578
1228501 74627
1229001 74677
1229501 74727
1230001 74777
1230501 74827
1231001 74877
1231501 74926
1232001 74975
1232501 75004
1233001 75052
1233501 75102
1234001 75151
1234501 75198
1235001 75248
1235501 75298
1236001 75348
1236501 75397
1237001 75428
1237501 75477
1238001 75527
1238501 75577
1239001 75597
1239501 75646
1240001 75693
1240501 75742
1241001 75789
1241501 75837
1242001 75886
1242501 75932
1243001 75952
1243501 75975
1244001 75995
1244501 76035
1245001 76060
1245501 76091
1246001 76121
1246501 76147
1247001 76197
1247501 76246
1248001 76265
1248501 76315
1249001 76361
1249501 76409
1250001 76458
1250501 76477
1251001 76519
1251501 76569
1252001 76618
1252501 76668
1253001 76688
1253501 76738
1254001 76788
1254501 76838
1255001 76887
1255501 76935
1256001 76983
1256501 77032
1257001 77082
1257501 77113
1258001 77162
1258501 77210
1259001 77256
1259501 77305
1260001 77354
1260501 77376
1261001 77394
1261501 77433
1262001 77476
1262501 77524
1263001 77570
1263501 77608
1264001 77648
1264501 77685
1265001 77723
1265501 77743
1266001 77774
1266501 77806
1267001 77842
1267501 77882
1268001 77913
1268501 77936
1269001 77975
1269501 78016
1270001 78056
1270501 78080
1271001 78129
1271501 78178
1272001 78228
1272501 78277
1273001 78325
1273501 78371
1274001 78419
1274501 78469
1275001 78499
1275501 78548
1276001 78595
1276501 78643
1277001 78693
1277501 78742
1278001 78779
1278501 78812
1279001 78861
1279501 78911
1280001 78961
1280501 79011
1281001 79061
1281501 79111
1282001 79160
1282501 79204
1283001 79236
1283501 79283
1284001 79332
1284501 79382
1285001 79432
1285501 79482
1286001 79532
1286501 79579
1287001 79622
1287501 79656
1288001 79706
1288501 79754
1289001 79802
1289501 79836
1290001 79872
1290501 79921
1291001 79971
1291501 79990
1292001 80037
1292501 80087
1293001 80136
1293501 80184
1294001 80233
1294501 80283
1295001 80333
1295501 80383
1296001 80413
1296501 80461
1297001 80510
1297501 80559
1298001 80609
1298501 80658
1299001 80707
1299501 80754
1300001 80803
1300501 80829
1301001 80846
1301501 80874
1302001 80910
1302501 80924
1303001 80952
1303501 80984
1304001 81004
1304501 81053
1305001 81103
1305501 81153
1306001 81172
1306501 81217
1307001 81266
1307501 81313
1308001 81333
1308501 81383
1309001 81432
1309501 81478
1310001 81527
1310501 81577
1311001 81624
1311501 81671
1312001 81708
1312501 81743
1313001 81793
1313501 81839
1314001 81888
1314501 81936
1315001 81975
1315501 82005
1316001 82054
1316501 82103
1317001 82153
1317501 82203
1318001 82253
1318501 82302
1319001 82352
1319501 82395
1320001 82432
1320501 82482
1321001 82532
1321501 82582
1322001 82631
1322501 82681
1323001 82731
1323501 82780
1324001 82801
1324501 82822
1325001 82849
1325501 82880
1326001 82914
1326501 82948
1327001 82970
1327501 82999
1328001 83019
1328501 83037
1329001 83074
1329501 83124
1330001 83174
1330501 83223
1331001 83272
1331501 83321
1332001 83371
1332501 83418
1333001 83462
1333501 83494
1334001 83544
1334501 83593
1335001 83642
1335501 83677
1336001 83711
1336501 83759
1337001 83808
1337501 83857
1338001 83907
1338501 83956
1339001 84003
1339501 84053
1340001 84100
1340501 84109
1341001 84135
1341501 84159
1342001 84194
1342501 84213
1343001 84248
1343501 84280
1344001 84298
1344501 84348
1345001 84395
1345501 84441
1346001 84490
1346501 84512
1347001 84559
1347501 84608
1348001 84658
1348501 84707
1349001 84757
1349501 84806
1350001 84856
1350501 84904
1351001 84937
1351501 84982
1352001 85032
1352501 85082
1353001 85131
1353501 85181
1354001 85229
1354501 85279
1355001 85329
1355501 85362
1356001 85406
1356501 85456
1357001 85505
1357501 85555
1358001 85604
1358501 85654
1359001 85704
1359501 85754
1360001 85772
1360501 85811
1361001 85860
1361501 85910
1362001 85959
1362501 86008
1363001 86058
1363501 86107
1364001 86157
1364501 86181
1365001 86229
1365501 86279
1366001 86329
1366501 86378
1367001 86426
1367501 86474
1368001 86524
1368501 86573
1369001 86599
1369501 86642
1370001 86688
1370501 86729
1371001 86773
1371501 86805
1372001 86844
1372501 86877
1373001 86923
1373501 86938
1374001 86968
1374501 86998
1375001 87030
1375501 87068
1376001 87102
1376501 87139
1377001 87189
1377501 87238
1378001 87288
1378501 87338
1379001 87388
1379501 87434
1380001 87457
1380501 87507
1381001 87554
1381501 87603
1382001 87653
1382501 87674
1383001 87724
1383501 87773
1384001 87804
1384501 87829
1385001 87872
1385501 87921
1386001 87962
1386501 88005
1387001 88031
1387501 88069
1388001 88119
1388501 88169
1389001 88190
1389501 88231
1390001 88275
1390501 88321
1391001 88363
1391501 88402
1392001 88436
1392501 88472
1393001 88522
1393501 88571
1394001 88621
1394501 88663
1395001 88691
1395501 88741
1396001 88791
1396501 88841
1397001 88891
1397501 88941
1398001 88961
1398501 89011
1399001 89061
1399501 89111
1400001 89161
1400501 89181
1401001 89231
1401501 89279
1402001 89329
1402501 89379
1403001 89428
1403501 89446
1404001 89475
1404501 89489
1405001 89512
1405501 89544
1406001 89564
1406501 89572
1407001 89584
1407501 89602
1408001 89611
1408501 89614
1409001 89624
1409501 89625
1410001 89647
1410501 89669
1411001 89697
1411501 89808
1412001 89826
1412501 89831
1413001 89851
1413501 89860
1414001 89866
1414501 89869
1415001 89888
1415501 89898
1416001 89911
1416501 89912
1417001 89912
1417501 89913
1418001 89926
1418501 89944
1419001 89962
1419501 89985
1420001 89991
1420501 89991
1421001 89991
1421501 89991
1422001 89994
1422501 89995
1423001 89995
1423501 90003
1424001 90039
1424501 90059
1425001 90071
1425501 90100
1426001 90137
1426501 90141
1427001 90272
1427501 90430
1428001 90598
1428501 90758
1429001 90916
1429501 91075
1430001 91236
1430501 91392
1431001 91434
1431501 91517
1432001 91542
1432501 91557
1433001 91569
1433501 91570
1434001 91570
1434501 91570
1435001 91576
1435501 91581
1436001 91586
1436501 91639
1437001 91645
1437501 91654
1438001 91660
1438501 91663
1439001 91666
1439501 91669
1440001 91682
1440501 91694
1441001 91704
1441501 91704
1442001 91722
1442501 91730
1443001 91735
1443501 91740
1444001 91746
1444501 91763
1445001 91763
1445501 91770
1446001 91791
1446501 91810
1447001 91837
1447501 91846
1448001 91859
1448501 91869
1449001 91884
1449501 91898
1450001 91907
1450501 91912
1451001 91935
1451501 91936
1452001 91937
1452501 91944
1453001 91948
1453501 91953
1454001 91961
1454501 91983
1455001 91995
1455501 92015
1456001 92044
1456501 92066
1457001 92072
1457501 92075
1458001 92081
1458501 92085
1459001 92087
1459501 92089
1460001 92090
1460501 92099
1461001 92118
1461501 92124
1462001 92130
1462501 92164
1463001 92180
1463501 92201
1464001 92217
1464501 92364
1465001 92448
1465501 92455
1466001 92457
1466501 92458
1467001 92460
1467501 92464
1468001 92467
1468501 92482
1469001 92504
1469501 92509
1470001 92514
1470501 92522
1471001 92539
1471501 92578
1472001 92595
1472501 92601
1473001 92619
1473501 92632
1474001 92641
1474501 92649
1475001 92663
1475501 92689
1476001 92692
1476501 92692
1477001 92703
1477501 92733
1478001 92764
1478501 92788
1479001 92831
1479501 92848
1480001 92997
1480501 93129
1481001 93137
1481501 93143
1482001 93209
1482501 93284
1483001 93320
1483501 93323
1484001 93324
1484501 93327
1485001 93330
1485501 93332
1486001 93333
1486501 93350
1487001 93365
1487501 93374
1488001 93405
1488501 93426
1489001 93429
1489501 93429
1490001 93467
1490501 93482
1491001 93524
1491501 93540
1492001 93550
1492501 93559
1493001 93576
1493501 93594
1494001 93601
1494501 93602
1495001 93602
1495501 93604
1496001 93604
1496501 93609
1497001 93617
1497501 93619
1498001 93626
1498501 93635
1499001 93647
1499501 93657
1500001 93667
1500501 93671
1501001 93680
1501501 93704
1502001 93714
1502501 93730
1503001 93765
1503501 93787
1504001 93805
1504501 93808
1505001 93814
1505501 93846
1506001 93861
1506501 93866
1507001 93875
1507501 93894
1508001 93909
1508501 93916
1509001 93923
1509501 93923
1510001 93928
1510501 93947
1511001 93963
1511501 93989
1512001 93999
1512501 94005
1513001 94012
1513501 94017
1514001 94023
1514501 94049
1515001 94063
1515501 94074
1516001 94096
1516501 94106
1517001 94107
1517501 94107
1518001 94107
1518501 94109
1519001 94116
1519501 94126
1520001 94130
1520501 94136
1521001 94151
1521501 94167
1522001 94174
1522501 94179
1523001 94182
1523501 94187
1524001 94193
1524501 94202
1525001 94212
1525501 94232
1526001 94247
1526501 94261
1527001 94271
1527501 94281
1528001 94294
1528501 94297
1529001 94301
1529501 94312
1530001 94319
1530501 94324
1531001 94336
1531501 94347
1532001 94359
1532501 94406
1533001 94436
1533501 94473
1534001 94501
1534501 94531
1535001 94556
1535501 94573
1536001 94584
1536501 94589
1537001 94594
1537501 94598
1538001 94605
1538501 94607
1539001 94616
1539501 94618
1540001 94626
1540501 94652
1541001 94684
1541501 94688
1542001 94702
1542501 94716
1543001 94725
1543501 94746
1544001 94751
1544501 94774
1545001 94783
1545501 94790
1546001 94794
1546501 94800
1547001 94803
1547501 94814
1548001 94823
1548501 94829
1549001 94834
1549501 94835
1550001 94836
1550501 94836
1551001 94868
1551501 94937
1552001 95023
1552501 95070
1553001 95071
1553501 95073
1554001 95080
1554501 95088
1555001 95097
1555501 95104
1556001 95116
1556501 95122
1557001 95136
1557501 95150
1558001 95155
1558501 95162
1559001 95169
1559501 95173
1560001 95178
1560501 95190
1561001 95190
1561501 95207
1562001 95235
1562501 95247
1563001 95250
1563501 95253
1564001 95255
1564501 95255
1565001 95255
1565501 95256
1566001 95264
1566501 95269
1567001 95279
1567501 95285
1568001 95295
1568501 95309
1569001 95313
1569501 95325
1570001 95338
1570501 95356
1571001 95379
1571501 95381
1572001 95386
1572501 95394
1573001 95394
1573501 95394
1574001 95399
1574501 95404
1575001 95404
1575501 95413
1576001 95413
1576501 95417
1577001 95417
1577501 95417
1578001 95423
1578501 95431
1579001 95434
1579501 95442
1580001 95449
1580501 95456
1581001 95479
1581501 95508
1582001 95529
1582501 95549
1583001 95562
1583501 95576
1584001 95597
1584501 95617
1585001 95622
1585501 95658
1586001 95684
1586501 95726
1587001 95771
1587501 95813
1588001 95843
1588501 95882
1589001 95923
1589501 95951
1590001 95979
1590501 96024
1591001 96027
1591501 96033
1592001 96035
1592501 96037
1593001 96040
1593501 96042
1594001 96044
1594501 96052
1595001 96073
1595501 96076
1596001 96084
1596501 96090
1597001 96095
1597501 96103
1598001 96113
1598501 96132
1599001 96135
1599501 96135
1600001 96135
1600501 96153
1601001 96157
1601501 96161
1602001 96167
1602501 96169
1603001 96169
1603501 96169
1604001 96191
1604501 96206
1605001 96234
1605501 96257
1606001 96270
1606501 96282
1607001 96282
1607501 96283
1608001 96283
1608501 96283
1609001 96283
1609501 96283
1610001 96283
1610501 96283
1611001 96283
1611501 96283
1612001 96283
1612501 96283
1613001 96283
1613501 96283
1614001 96283
1614501 96283
1615001 96283
1615501 96283
1616001 96283
1616501 96283
1617001 96283
1617501 96283
1618001 96283
1618501 96283
1619001 96283
1619501 96284
1620001 96284
1620501 96284
1621001 96284
1621501 96284
1622001 96284
1622501 96284
1623001 96284
1623501 96284
1624001 96284
1624501 96284
1625001 96284
1625501 96284
1626001 96284
1626501 96284
1627001 96284
1627501 96284
1628001 96284
1628501 96284
1629001 96284
1629501 96284
1630001 96284
1630501 96284
1631001 96284
1631501 96284
1632001 96284
1632501 96284
1633001 96284
1633501 96284
1634001 96284
1634501 96284
1635001 96284
1635501 96284
1636001 96284
1636501 96284
1637001 96284
1637501 96284
1638001 96284
1638501 96289
1639001 96295
1639501 96312
1640001 96325
1640501 96325
1641001 96325
1641501 96325
1642001 96325
1642501 96325
1643001 96325
1643501 96325
1644001 96325
1644501 96325
1645001 96325
1645501 96325
1646001 96325
1646501 96328
1647001 96328
1647501 96328
1648001 96328
1648501 96328
1649001 96328
1649501 96328
1650001 96328
1650501 96328
1651001 96328
1651501 96328
1652001 96328
1652501 96328
1653001 96328
1653501 96328
1654001 96328
1654501 96328
1655001 96328
1655501 96328
1656001 96328
1656501 96328
1657001 96328
1657501 96328
1658001 96328
1658501 96328
1659001 96328
1659501 96328
1660001 96328
1660501 96328
1661001 96328
1661501 96328
1662001 96328
1662501 96328
1663001 96328
1663501 96328
1664001 96328
1664501 96328
1665001 96328
1665501 96328
1666001 96328
1666501 96328
1667001 96328
1667501 96328
1668001 96328
1668501 96328
1669001 96328
1669501 96328
1670001 96328
1670501 96328
1671001 96328
1671501 96330
1672001 96340
1672501 96348
1673001 96353
1673501 96353
1674001 96353
1674501 96353
1675001 96353
1675501 96353
1676001 96353
1676501 96353
1677001 96353
1677501 96353
1678001 96353
1678501 96353
1679001 96353
1679501 96354
1680001 96354
1680501 96354
1681001 96355
1681501 96355
1682001 96355
1682501 96355
1683001 96355
1683501 96355
1684001 96355
1684501 96355
1685001 96355
1685501 96355
1686001 96355
1686501 96355
1687001 96355
1687501 96355
1688001 96355
1688501 96355
1689001 96355
1689501 96355
1690001 96355
1690501 96355
1691001 96355
1691501 96355
1692001 96355
1692501 96355
1693001 96355
1693501 96355
1694001 96355
1694501 96355
1695001 96355
1695501 96355
1696001 96355
1696501 96355
1697001 96355
1697501 96355
1698001 96355
1698501 96355
1699001 96355
1699501 96355
1700001 96355
1700501 96355
1701001 96357
1701501 96363
1702001 96368
1702501 96368
1703001 96368
1703501 96373
1704001 96396
1704501 96400
1705001 96400
1705501 96400
1706001 96400
1706501 96400
1707001 96400
1707501 96400
1708001 96400
1708501 96400
1709001 96400
1709501 96400
1710001 96400
1710501 96400
1711001 96400
1711501 96400
1712001 96405
1712501 96408
1713001 96432
1713501 96450
1714001 96450
1714501 96450
1715001 96450
1715501 96450
1716001 96450
1716501 96450
1717001 96450
1717501 96450
1718001 96450
1718501 96450
1719001 96450
1719501 96450
1720001 96454
1720501 96463
1721001 96464
1721501 96464
1722001 96464
1722501 96464
1723001 96464
1723501 96464
1724001 96464
1724501 96464
1725001 96464
1725501 96464
1726001 96464
1726501 96464
1727001 96464
1727501 96464
1728001 96464
1728501 96464
1729001 96464
1729501 96464
1730001 96464
1730501 96464
1731001 96464
1731501 96464
1732001 96464
1732501 96464
1733001 96465
1733501 96465
1734001 96465
1734501 96465
1735001 96465
1735501 96465
1736001 96465
1736501 96465
1737001 96465
1737501 96465
1738001 96465
1738501 96465
1739001 96465
1739501 96465
1740001 96465
1740501 96465
1741001 96465
1741501 96465
1742001 96465
1742501 96465
1743001 96465
1743501 96465
1744001 96465
1744501 96465
1745001 96465
1745501 96465
1746001 96465
1746501 96465
1747001 96465
1747501 96465
1748001 96465
1748501 96465
1749001 96465
1749501 96465
1750001 96465
1750501 96465
1751001 96466
1751501 96466
1752001 96466
1752501 96466
1753001 96466
1753501 96466
1754001 96466
1754501 96466
1755001 96466
1755501 96466
1756001 96466
1756501 96466
1757001 96466
1757501 96466
1758001 96466
1758501 96466
1759001 96466
1759501 96466
1760001 96466
1760501 96466
1761001 96466
1761501 96466
1762001 96466
1762501 96466
1763001 96466
1763501 96466
1764001 96466
1764501 96466
1765001 96466
1765501 96466
1766001 96466
1766501 96466
1767001 96466
1767501 96466
1768001 96466
1768501 96466
1769001 96466
1769501 96466
1770001 96466
1770501 96466
1771001 96466
1771501 96466
1772001 96466
1772501 96466
1773001 96466
1773501 96466
1774001 96466
1774501 96466
1775001 96466
1775501 96466
1776001 96466
1776501 96466
1777001 96466
1777501 96466
1778001 96466
1778501 96466
1779001 96466
1779501 96466
1780001 96466
1780501 96466
1781001 96466
1781501 96466
1782001 96466
1782501 96466
1783001 96466
1783501 96466
1784001 96467
1784501 96467
1785001 96467
1785501 96467
1786001 96467
1786501 96467
1787001 96467
1787501 96467
1788001 96467
1788501 96467
1789001 96467
1789501 96467
1790001 96467
1790501 96467
1791001 96467
1791501 96467
1792001 96467
1792501 96467
1793001 96467
1793501 96467
1794001 96467
1794501 96467
1795001 96467
1795501 96467
1796001 96467
1796501 96467
1797001 96467
1797501 96467
1798001 96467
1798501 96467
1799001 96467
1799501 96467
1800001 96467
1800501 96467
1801001 96467
1801501 96467
1802001 96467
1802501 96467
1803001 96467
1803501 96467
1804001 96467
1804501 96467
1805001 96467
1805501 96467
1806001 96467
1806501 96467
1807001 96467
1807501 96467
1808001 96467
1808501 96467
1809001 96467
1809501 96467
1810001 96467
1810501 96467
1811001 96467
1811501 96467
1812001 96467
1812501 96467
1813001 96467
1813501 96467
1814001 96467
1814501 96467
1815001 96468
1815501 96468
1816001 96468
1816501 96468
1817001 96468
1817501 96468
1818001 96468
1818501 96468
1819001 96468
1819501 96468
1820001 96468
1820501 96468
1821001 96468
1821501 96468
1822001 96468
1822501 96468
1823001 96468
1823501 96468
1824001 96468
1824501 96468
1825001 96468
1825501 96468
1826001 96468
1826501 96468
1827001 96468
1827501 96468
1828001 96468
1828501 96473
1829001 96476
1829501 96476
1830001 96476
1830501 96476
1831001 96476
1831501 96476
1832001 96476
1832501 96476
1833001 96476
1833501 96476
1834001 96476
1834501 96476
1835001 96476
1835501 96476
1836001 96476
1836501 96476
1837001 96476
1837501 96476
1838001 96476
1838501 96476
1839001 96476
1839501 96476
1840001 96476
1840501 96476
1841001 96476
1841501 96476
1842001 96476
1842501 96476
1843001 96476
1843501 96476
1844001 96476
1844501 96476
1845001 96476
1845501 96476
1846001 96476
1846501 96476
1847001 96476
1847501 96476
1848001 96486
1848501 96491
1849001 96497
1849501 96497
1850001 96497
1850501 96497
1851001 96497
1851501 96497
1852001 96497
1852501 96497
1853001 96497
1853501 96497
1854001 96497
1854501 96497
1855001 96497
1855501 96497
1856001 96501
1856501 96503
1857001 96503
1857501 96505
1858001 96506
1858501 96508
1859001 96512
1859501 96517
1860001 96528
1860501 96545
1861001 96547
1861501 96547
1862001 96547
1862501 96547
1863001 96547
1863501 96547
1864001 96547
1864501 96547
1865001 96547
1865501 96547
1866001 96547
1866501 96547
1867001 96547
1867501 96547
1868001 96547
1868501 96547
1869001 96547
1869501 96547
1870001 96547
1870501 96547
1871001 96547
1871501 96547
1872001 96547
1872501 96547
1873001 96547
1873501 96581
1874001 96674
1874501 96753
1875001 96799
1875501 96824
1876001 96824
1876501 96824
1877001 96824
1877501 96824
1878001 96824
1878501 96824
1879001 96824
1879501 96824
1880001 96824
1880501 96824
1881001 96824
1881501 96824
1882001 96829
1882501 96846
1883001 96861
1883501 96861
1884001 96861
1884501 96861
1885001 96861
1885501 96861
1886001 96861
1886501 96861
1887001 96861
1887501 96861
1888001 96861
1888501 96861
1889001 96861
1889501 96861
1890001 96861
1890501 96861
1891001 96861
1891501 96861
1892001 96861
1892501 96861
1893001 96861
1893501 96861
1894001 96861
1894501 96861
1895001 96861
1895501 96861
1896001 96861
1896501 96861
1897001 96861
1897501 96861
1898001 96861
1898501 96861
1899001 96861
1899501 96861
1900001 96861
1900501 96861
1901001 96861
1901501 96861
1902001 96861
1902501 96878
1903001 96907
1903501 96917
1904001 96917
1904501 96918
1905001 96918
1905501 96918
1906001 96918
1906501 96918
1907001 96918
1907501 96918
1908001 96918
1908501 96918
1909001 96918
1909501 96918
1910001 96918
1910501 96918
1911001 96918
1911501 96918
1912001 96918
1912501 96918
1913001 96918
1913501 96918
1914001 96918
1914501 96918
1915001 96918
1915501 96918
1916001 96918
1916501 96918
1917001 96918
1917501 96918
1918001 96918
1918501 96918
1919001 96918
1919501 96918
1920001 96918
1920501 96919
1921001 96919
1921501 96919
1922001 96919
1922501 96919
1923001 96919
1923501 96919
1924001 96919
1924501 96919
1925001 96919
1925501 96919
1926001 96919
1926501 96919
1927001 96919
1927501 96921
1928001 96926
1928501 96926
1929001 96926
1929501 96926
1930001 96926
1930501 96926
1931001 96926
1931501 96926
1932001 96926
1932501 96926
1933001 96926
1933501 96926
1934001 96926
1934501 96926
1935001 96926
1935501 96926
1936001 96926
1936501 96926
1937001 96926
1937501 96926
1938001 96926
1938501 96926
1939001 96926
1939501 96926
1940001 96926
1940501 96926
1941001 96926
1941501 96926
1942001 96926
1942501 96926
1943001 96926
1943501 96926
1944001 96926
1944501 96926
1945001 96926
1945501 96926
1946001 96926
1946501 96926
1947001 96926
1947501 96926
1948001 96926
1948501 96926
1949001 96926
1949501 96926
1950001 96926
1950501 96926
1951001 96926
1951501 96926
1952001 96926
1952501 96926
1953001 96926
1953501 96927
1954001 96934
1954501 96940
1955001 96940
1955501 96940
1956001 96940
1956501 96940
1957001 96940
1957501 96940
1958001 96940
1958501 96940
1959001 96940
1959501 96940
1960001 96940
1960501 96940
1961001 96940
1961501 96940
1962001 96940
1962501 96940
1963001 96940
1963501 96940
1964001 96940
1964501 96940
1965001 96940
1965501 96940
1966001 96940
1966501 96940
1967001 96940
1967501 96940
1968001 96940
1968501 96940
1969001 96940
1969501 96940
1970001 96940
1970501 96940
1971001 96940
1971501 96940
1972001 96940
1972501 96940
1973001 96940
1973501 96940
1974001 96940
1974501 96940
1975001 96940
1975501 96940
1976001 96940
1976501 96940
1977001 96940
1977501 96940
1978001 96940
1978501 96940
1979001 96940
1979501 96943
1980001 96945
1980501 96954
1981001 96954
1981501 96954
1982001 96955
1982501 96955
1983001 96955
1983501 96955
1984001 96955
1984501 96955
1985001 96955
1985501 96955
1986001 96955
1986501 96955
1987001 96955
1987501 96955
1988001 96955
1988501 96955
1989001 96955
1989501 96955
1990001 96955
1990501 96955
1991001 96955
1991501 96955
1992001 96955
1992501 96955
1993001 96955
1993501 96955
1994001 96955
1994501 96955
1995001 96955
1995501 96955
1996001 96955
1996501 96955
1997001 96955
1997501 96955
1998001 96955
1998501 96955
1999001 96955
1999501 96955
2000001 96955
2000501 96955
2001001 96955
2001501 96955
2002001 96955
2002501 96955
2003001 96955
2003501 96955
2004001 96955
2004501 96955
2005001 96955
2005501 96955
2006001 96955
2006501 96955
2007001 96955
2007501 96955
2008001 96955
2008501 96955
2009001 96955
2009501 96955
2010001 96955
2010501 96955
2011001 96955
2011501 96955
2012001 96955
2012501 96955
2013001 96955
2013501 96955
2014001 96955
2014501 96955
2015001 96955
2015501 96955
2016001 96955
2016501 96955
2017001 96955
2017501 96955
2018001 96955
2018501 96955
2019001 96955
2019501 96955
2020001 96955
2020501 96955
2021001 96955
2021501 96955
2022001 96955
2022501 96955
2023001 96955
2023501 96955
2024001 96955
2024501 96955
2025001 96955
2025501 96955
2026001 96955
2026501 96955
2027001 96955
2027501 96955
2028001 96955
2028501 96955
2029001 96955
2029501 96955
2030001 96955
2030501 96955
2031001 96955
2031501 96955
2032001 96955
2032501 96955
2033001 96955
2033501 96955
2034001 96955
2034501 96955
2035001 96955
2035501 96955
2036001 96955
2036501 96955
2037001 96955
2037501 96955
2038001 96955
2038501 96955
2039001 96955
2039501 96955
2040001 96955
2040501 96955
2041001 96955
2041501 96955
