169.69615747371202
164.62846812941982
169.67773055752042
157.29400375652108
169.71322290785616
93.96391952301751
197.81485006955566
94.01122841660526
234.4470894380576
157.3946228486254
234.24782601186493
234.24950204631875
110.09149236967482
144.44593531568216
154.6027745512275
107.56390135319442
103.7042033931894
110.72620335928207
102.18887580997298
114.0285331506286
114.0328344926379
116.65813498783004
128.59043045301544
92.85565099357426
272.8379223048195
126.74212281037941
77.31778919567014
49.01147821790167
74.34725636328861
159.0327472425316
124.29723308572525
301.9266299149889
103.8168180184113
102.95607751041244
358.60682487978926
159.74330762413632
92.54496132330608
88.81955192188835
87.93054792558051
107.81952137769824
106.56391909089956
105.82206817289735
103.255442489361
99.90566400645822
97.78027408548998
94.90685768846615
270.62805210855345
95.07625184629747
125.41409148454379
90.45360730681874
96.89556781431017
80.38443224159624
97.16878266338863
137.59351194831112
173.12524959476514
105.41214502357761
108.99323873041223
64.67393931493582
110.75634876744975
86.01032405850921
96.1947596834734
70.93163023360155
86.47353991546122
86.4722987703143
71.11239035608804
59.86352036956649
84.61761205447114
68.75174155584496
135.33261269982958
90.08612091501693
82.07083946031887
191.53449639998013
102.94211622029947
91.42075636531521
87.35560790288861
118.3513532904655
95.12615067295894
163.34713071638114
170.21586377921125
258.58796194435075
185.48172839045276
185.53237115624512
63.984796467996865
189.34336846544562
170.20617206801217
178.4373777992663
97.91331232720417
111.30497879076313
82.26334597963583
46.727994889353816
82.09446421023816
168.20391084665653
79.56274484047064
215.35219390469138
117.81309714498514
280.86936143447184
291.8219409653597
71.01717367413121
87.4999139295
86.54151914688737
123.44609524245634
122.92757202876713
30.006756266148116
61.06346114802976
92.111509473872
96.2500180011849
49.954534917614566
104.47445720549437
109.63644880635292
122.8556285487283
122.86835196126965
120.44061174238485
141.16059581465566
155.70180614633048
203.46912380591962
75.82660318845443
101.21514284042739
276.4843524860662
67.61777076674761
56.9795565045532
179.11548955829036
138.69861968000035
75.10396543402432
111.69862874291032
141.0659235019749
123.23648783723758
118.82530884790141
111.58435533971955
270.40706736468735
82.90226270441143
59.08932780254498
69.68527739328435
51.33602979863153
142.42525260222888
176.30389255506685
82.39199200830794
96.97282072642788
167.96291983509838
59.27117179393473
116.46919544987547
86.90003019155883
116.69261183738924
70.2482458625375
49.36035986862081
42.35996281901379
169.4253953872412
111.02245888259704
117.42431263468639
190.75959142561663
106.18276571967614
43.715586686025624
46.901359316364065
46.285679562769374
41.93596204773984
64.29704287425683
81.7573196737089
73.615465822658
78.22432978962013
69.73241842512589
110.83330764932029
100.23086318068786
74.68156984594104
65.41677843050805
86.58620097638422
90.87106904809687
72.24830506479553
49.280346502459786
171.61716029939214
116.27369431897152
184.45011542795154
77.10566825181658
58.87319463805875
74.39780163728015
114.85702031294652
126.98991146350811
118.94846672252102
125.82907868083917
101.25089654157054
58.15560103760557
83.82967994092031
71.10142887193474
364.68968896410956
100.83896808032479
393.6371780628697
77.5745667500416
145.95139831368195
32.21364103607999
91.56608048937673
297.75862388479635
97.09131953342485
26.62007035377985
111.86918370663233
64.70006556090537
77.04060799210042
104.94232724300824
122.0870336534982
191.65867278018956
125.63158610724435
77.27251170428352
122.07270655556303
99.06353107299401
107.35023304060557
75.32029762354793
55.184567357010884
143.41539511294943
152.54628299839894
170.4002908657204
111.04945330376619
68.38221905849433
65.40223584111263
165.84936715440892
274.03238688317583
94.46712015754768
291.9444366171278
128.68308119303677
274.218126092143
77.68447646277818
273.40316624509893
69.34468855838635
90.27419393074065
67.14305866509335
273.6654901410798
66.05159130842551
53.03904445766863
257.10700071466385
99.71500578681623
89.51059136052191
44.05601198873937
69.42224827718599
161.83905060543728
62.98092125048572
52.12092203427473
56.05657960262945
91.76395538797422
133.06685334212744
326.2985910701778
76.85211680985954
106.17590078116999
94.2098552898976
55.68623058866365
55.67275934228531
74.58462090112128
58.676604809104624
107.8130612873161
110.36577445774469
71.21296357256644
69.5365230642454
68.9473914940785
71.38132981068276
110.11537636312875
62.04012199356993
67.88067464289476
89.52344694105227
65.05071008039116
77.84789647233261
104.46005613319143
289.6594852964533
48.743773963275366
94.31369828951856
95.10161155575757
84.47452547503418
79.25673563495424
94.77852577894258
96.8883547222879
55.39233658084322
76.13762857767115
91.90952912203537
76.5360900214735
65.91883621959084
93.27161529236777
96.18697401556274
70.1358794573452
281.2740651220033
57.04464554631831
49.7312216512147
54.589889296589526
184.26482479362133
50.16146430886125
46.678543208328044
22.7266834636348
108.8477951597523
76.89008718998869
173.07057872190455
74.07305005429221
107.15583860454913
66.52426248892007
111.65906673969504
114.44912551154208
110.64143208625444
57.01735008509562
48.951739056491476
64.43846863778737
158.20078471819542
167.6052503577593
88.83033908061361
78.64488728226523
73.16985767072354
53.41469801411182
112.27359799927466
119.07384386268579
132.60308447600116
89.65926699914124
88.29173277001321
61.900796548525136
153.3476984525803
42.05256123118352
83.4349941798533
120.41071102970837
105.83970736864323
111.68900234831058
58.17404270299665
89.86097988339971
77.46881930999183
59.6204501398082
80.61972882865972
148.1658852126023
185.31888913305616
64.1716149348435
90.28734825322478
96.1244277247723
88.99462861566248
45.16333184472341
100.38294483726659
99.17775201467406
73.47111046745789
74.66797908449877
71.62619331165216
128.37420590123875
139.49096459232183
38.62884333055617
50.18467654832395
46.65451738720787
66.08745467308938
68.07565689214532
93.89714277282057
66.04790425258457
66.02288160119187
104.62635055307814
73.03798688880734
65.22795884049219
99.80777145445303
145.11730166817532
100.29570573275016
66.74101883684371
100.6994433816789
75.60643873564462
104.78074059817956
105.47884204624081
96.39355661482459
95.72352234969946
96.35244364761348
115.8395915589493
95.57515660089608
78.62551223611943
101.34405976556083
99.4545865989949
86.691444500384
90.01109524919227
104.35596466262447
59.26023241104448
69.15382180408434
78.74628351752273
120.60109177188792
149.99978495863084
138.82190602727724
134.2059494498241
132.83901657014445
229.26425503409408
71.57480618076427
114.20494816730715
89.72241347607445
97.1709541372856
305.8072797154525
125.34486935670941
55.218827358399885
52.901987904398375
56.570023908118635
74.6969472751172
129.61107648768237
131.01346008041534
88.10550267670259
219.80347072086792
158.4935742354886
159.10195983598925
34.879602932902735
45.59309438069303
187.01144066650787
62.2851205791371
62.326474078040924
62.25045277839687
72.77607863373231
242.81352952688053
83.35327696734733
99.42663646012203
46.46521988892025
61.84125379015148
45.410779667632376
52.46902615479826
129.6009882548078
316.87814323441006
60.07788828344897
146.31848828135998
31.811608130163464
38.76106057780803
74.07116956194393
43.60499841118305
46.51369949575797
26.28403426386686
70.92926805492873
58.92900276966733
48.35830373504808
36.032171562147866
27.27310168270702
67.93288489732144
24.544311794713895
58.40602985957682
57.41685691816894
135.49256827215828
51.898319391702834
59.193253786076724
86.9651769281134
45.24289651177941
32.25894085397395
59.48085147057385
62.424104916382085
88.74006389070317
114.0170681946478
173.42387923835898
105.20264710189221
162.158564966006
147.41862334780953
129.9278753354649
150.09580849877923
58.80851213512667
102.62423193515622
60.22241688369794
49.96983639462643
146.01763504247486
85.94600466345076
56.559909949627496
26.610829967042093
112.03095686018612
103.00183064703087
109.56304978700565
122.06277015517301
131.30381228512678
96.28523068194481
94.75157904716274
93.0437496175157
103.09764753536
68.74249982505516
83.57998220520547
74.88160331702329
105.4005772506298
44.88397304958603
66.08342945595986
48.712535762156044
47.26391357750978
97.1317130009576
152.68659719749564
76.3490756883442
73.02572794702911
93.36146574016207
138.02182401798964
226.68700209757125
76.04596873279151
173.45018787588887
176.82952136586064
104.01922738466112
166.52963763674754
50.39377248483382
50.83986379204129
75.72010812477521
90.8230859019749
108.5493701989865
140.41477807446725
87.46309176793834
137.30223887875647
108.46251536002376
57.23696095354169
49.58187461908531
33.65876323211246
100.78890023701639
33.46559146942555
125.58297007355034
127.87929574820146
90.57711261771189
64.40121334779256
47.56353084194179
98.60042939473185
33.07209321792708
111.21503049675178
111.57871256011086
41.45277063857831
119.68551860796124
119.43819698817028
122.19377128456279
116.15954065649049
68.90945585151125
36.04278484290021
119.20098641535115
119.20731080896428
107.40239043603385
74.70288307829847
114.41423468936163
119.89067960058486
90.11293320411076
74.36867702547173
134.65851041527378
145.393566199487
130.27515628589782
54.206027827354774
71.70509429661286
113.8860049682873
106.04608394407151
59.76008028198324
130.08181018088163
140.21724293520387
79.04678231662643
163.72539731146563
88.79772170982432
99.77352766669289
107.12172846804047
113.94924782480994
61.58037527038803
73.43469756114285
115.16229951547183
205.09942613740463
97.96859399936042
83.80176272130493
89.32462991174444
75.19159206138512
125.0630719425858
141.95910426755265
75.8132963630075
75.28154315786834
74.06041419445309
74.15518602092853
74.49958824086264
75.88664936167072
73.26155045231091
75.2440932466608
135.65567715574994
142.0240693318514
140.9407548063329
114.08627522856727
81.77293065332861
50.39060662917845
53.39004464132203
159.96503022819533
154.88621365967919
133.66622445512613
170.25536697206175
154.61066595027089
69.5288859671365
122.6734478833241
115.2452341082827
60.54401365475357
65.01721452901822
47.82107228442752
41.10508290800834
160.71889675551452
160.51679369002235
86.43256794047508
93.52307198315268
68.17982907851881
29.930967062737615
40.848786775446065
154.4145179096595
81.6013550499494
91.25861643139359
202.05749118606101
117.05107491492983
75.78097307913264
119.41588424322192
130.31606987532467
117.73723852918087
78.03650009901135
67.59071420656775
134.3781350833002
134.35012018848585
143.53269477808823
56.352420084909475
112.25941612301065
103.87986656299464
79.50248868396696
133.68531676498003
121.27713267041997
85.7952243940807
90.43681409820037
155.2369149676908
80.10514783810443
141.03851521930972
117.45916715521255
109.10317352213623
53.038327460058795
101.81956745886941
119.35817077064712
103.24620620171665
115.2736790980543
94.25566391286034
110.84317040300692
99.41999972721422
97.52148732766311
103.80550335654024
153.8645722875096
98.40344271819232
116.61792590980932
122.52881410605615
146.4148613162385
139.6835707374337
139.76445808616862
139.1762164589588
86.61659041084326
139.39757192354796
88.5063613025461
137.83978367228733
138.7159193276953
132.42455326786995
115.42348934963064
138.65865682623195
138.1852186789591
138.7035431373392
138.83739822887003
138.01003970970334
139.6391848704088
87.34571426341698
111.56580654315293
104.90003857506069
139.62501107995396
138.7531246259155
137.91958154399853
146.2733193384703
138.634815843173
95.30393102341097
113.28013688014462
138.93584235490613
139.62065804701
139.01577456895876
139.0641951909244
87.7101646593082
138.83469205910401
157.85121394267028
118.03019181591081
108.93095893418081
126.7399832137767
138.89007773124172
91.88378889871126
139.68449106528118
109.72140709612974
139.5794183507857
139.39415255914471
140.21862125957327
138.15521672696744
141.4718908467545
136.18236319112953
139.16793194528208
139.0975203087855
138.2722192678677
138.4116485681658
146.26240551015468
121.66923171967949
92.82176645306735
149.97349029784817
139.5404248509416
87.3064374389147
140.5485111986924
138.81714756375445
139.19251604257747
139.02860254994354
139.49364211011377
100.70602341772438
139.82498061982608
138.87835088718745
139.59909262438487
144.67252893014282
139.26058361057147
140.14297277347504
139.2023100691807
139.89165099323048
139.44373813185402
139.4700126166358
140.3210463888682
97.1453888390862
131.74190250009462
127.09250231286963
86.62142211311131
98.77361584962722
105.58290677897358
139.42728282082263
114.20449240173508
156.63968275437094
107.07671554901883
90.523108631831
139.16171182054146
120.33813856393823
138.67336146318925
138.3780600483366
102.18739429421969
86.6674772055114
139.02723845037573
139.65233018187223
136.65017799415975
92.87225660331453
88.32708708790838
135.77001083058573
114.93255619298978
138.47427949098775
136.25950018105394
157.94155086461825
139.6850098063182
103.3892831963827
139.08235974372644
139.93558319357317
104.46559999248652
139.35870783674787
139.30245816488366
136.093288995238
139.03107748745052
140.37791701262873
142.84721318639652
118.68847131650564
124.628279127879
104.63870062838988
87.21561085025598
118.80930990237376
90.31514753948494
128.56958859869405
105.38060108474599
117.8220379803176
102.58449523447685
113.66137914936809
200.18778027094757
120.07395429136862
80.64363613107808
136.03518622627885
60.81677241298995
36.111816168448684
36.04403297314641
55.89787872625517
73.56070742159012
66.64835130451101
122.13487480905496
103.3973162309461
147.96946388912906
147.85827693429724
82.7114390306943
105.89006530366929
91.09319796742379
97.7833796110567
50.242668291249466
253.19958547256107
133.0521399824038
37.40133242413464
97.4034180390989
128.98769136506775
77.71850404329085
66.42093950417207
95.6035191957397
111.79180832181814
108.72680400618896
74.4713421279954
105.71285837446591
71.24880754104171
38.83012405899997
80.46839857254744
89.53871472776899
80.66448121915282
98.85992447314888
114.38809013507496
84.59478661950278
72.77708328419067
85.11683514852659
115.2968556657624
115.28636334539429
70.24913461785343
47.20786928815775
58.364637242710636
50.164869096361706
72.18917103346632
77.10358467355225
111.29152317102597
157.42202792566076
75.94744101276451
82.10149131382535
86.33770516159801
81.46354871009045
120.55202336649376
52.90568728082372
159.16896205828675
60.16229200752154
140.2129051203219
97.03137761348894
161.41052785808213
40.51517409336051
70.27405093345102
97.80714445125318
146.1393170070155
191.15403741815325
55.544223701904144
191.65201809113796
57.84480753100585
50.66685912439111
92.0007064323784
90.3248707868303
146.02932891830804
75.5081712592528
80.49039476199415
137.2410993714929
133.53241319471954
130.01152328877527
135.71128671172968
58.22864241272865
111.6494347786398
93.49635802820598
107.22971466235947
107.21816033876046
94.71636125214246
104.54707521602086
62.472473382410314
61.787165158550586
100.3983028883691
103.9386427172794
139.06395533625857
191.97883993508037
183.844031482591
49.74324094213066
62.234228019599904
112.9119329704631
116.6458219910858
68.7372540315054
73.38803945267723
58.3700433947051
78.11898261958466
99.92351245615905
98.10381166438297
94.90829442120615
82.90215517235146
78.39926791037148
94.57006728089308
78.69413143650655
88.64003517278806
106.01682498829604
138.4032798721516
71.67986484918671
80.86368096256523
132.36810598333645
84.9778311396211
60.38752229992224
65.98554883488431
132.2782666871657
131.50173567317853
92.66221818760866
99.88861117852117
88.27403276830661
190.67897713845184
61.255388171269615
67.51183842246148
91.32501836762096
157.53318537950986
171.69705897214948
62.2854118534233
76.88577428240566
53.60444850613707
87.03154736478317
142.69912042126606
95.02906528976361
109.78059796439165
163.11670410459868
93.64022365085135
131.8618211261054
72.24537526866045
68.879467659514
70.6019736404608
111.84880057130708
107.96389041133293
66.99752230270298
128.16729216996373
78.58270563779982
85.18329152360695
86.50004633515464
196.04424199510996
98.03661296893347
98.03558310384561
75.60857532016027
77.07431981352077
143.8554626638813
145.6507880151999
142.02984269023963
58.31402040988924
153.53225010683323
144.0967055932524
138.95343221168207
200.0874252440794
187.9612584587145
194.94457644795708
142.69191260828237
126.6691661942736
72.7554521195122
70.0558969677171
77.05096379853768
169.61613682665296
57.33155991138241
168.9073690632367
169.03414388779808
168.91544581408442
169.0858913740567
168.88221199777766
150.2386315751214
169.09183447015818
60.84710542629356
169.00064317842157
197.0505516842946
169.03576384193101
196.897105748773
73.69132444809115
87.39748444229306
168.95733269934718
169.28546684697343
109.76695578320444
168.84976907036707
169.1000981679846
109.82858045861052
91.69385106788405
109.67514716295166
97.0671799323112
169.1263620613016
109.74215215775641
39.02795566439902
106.83160224392807
169.07331662426583
92.77817119200071
169.0858913740567
169.35533911666388
168.9609161405949
164.70644355266617
197.71067806448724
163.63591647040792
169.02595769215782
164.88767379665143
163.65741972004426
169.16075576266547
197.74465627175687
168.8776225871361
196.81250301302146
169.1522551912912
196.92897542221004
169.117766248837
169.12707247580477
234.8124962300104
197.73523297348862
81.98030945930384
168.73459755649154
168.8605214810007
168.8347727651561
74.906261768246
81.0939231679118
168.823164504445
147.108579112564
109.56372736832392
169.00609620316226
168.8723655524381
170.19468864485705
168.92753305955654
112.09759307544807
169.06553493596908
169.1000981679846
169.11480504771862
126.9284056213319
155.4741383680645
168.83793832982028
168.68944599648893
112.37622890880185
169.1014541812836
96.2864929848312
169.05509848909014
168.74748852723042
196.81579632832901
169.30511673292074
110.0330482572532
169.02892598498343
168.88221199777766
196.8910260979354
169.2003336098557
47.43583397251962
86.60653934635242
86.91142544201317
45.73874135088901
168.7033423028648
233.78096575711305
169.1522551912912
196.92897542221004
147.108579112564
109.56372736832392
196.77756353992802
169.85719699130843
169.735422285486
169.6752467955315
164.74628817333607
