168.64349498642665
163.39185364054077
168.62499444457654
156.6531104303355
168.65995395731116
93.53849999599156
196.6633721677725
93.58602748289958
232.65851935509633
156.7543095372224
232.4578777991779
232.459565760535
104.77196456899452
144.38147833578233
154.58511232368693
107.38981356490675
103.43984484884832
110.55263346561269
101.86272245813468
113.82023803759317
113.84702053764926
116.45072311860358
128.05599441799131
92.53913646462104
272.7619315378069
126.64417484372044
77.18228384392597
48.87845081410514
74.17994781668068
158.61993451696296
124.23661449635371
301.5430017882702
103.72117406256
102.58033105263252
355.6450542915074
158.97724873057734
92.14009741644391
88.51495924649082
87.67861954012196
107.61209330626458
106.54190637845076
105.6742294313943
103.02750373393047
99.59868485529057
97.6699970666472
94.33754080246385
270.55612120437195
94.92627417240685
125.16078934649319
90.29140208321041
96.69574586782252
79.77294350192939
96.93375451049111
137.0827321597379
172.42909361830712
104.74913640508773
108.66869264429401
64.59598567656649
110.32556638390108
85.68485473063086
95.80439921815523
70.90705174112452
86.36859240685773
86.36755359306565
71.08847197532228
58.9874133954165
84.58997404211078
68.74762621045517
135.10006072897008
89.9243282860403
81.96592677352352
189.8081519257227
101.9727111334311
91.23876082284896
87.11610139509413
118.01914120404254
95.08864420161977
161.01581234029283
167.9252844156583
258.29013413480993
185.34833611058158
185.3990153132161
62.27551384700501
189.30128950554666
170.11728980206965
178.34311034826277
97.76139116607445
111.21167166467986
81.84791729811991
46.52413062787092
81.93029713909544
167.58600291667432
79.48013979582478
215.34009216987815
116.00383723256417
280.63190181097275
291.54995854971315
70.44962108152832
86.92818785657813
86.35920007132692
123.37970141572764
122.86567667675938
29.850332683350718
60.88797041731381
91.86343550595572
96.24181531227484
49.77343359417099
104.07087968847709
109.4594776945942
122.85134956940955
122.86365118402982
119.15948428009716
141.09385957101583
155.58578580608398
203.4570310208468
75.60308131618277
101.03384286949272
276.3791545573601
67.53830847903689
56.96594359238302
177.61410355835724
138.30041907607946
74.88300936012851
111.51419657508701
140.98019902806436
123.18153136484351
116.51384188653844
111.19705479327165
270.21774327887044
82.68263592321316
59.027974093350664
69.61261430427054
51.2279286717731
142.36354094003195
175.10228557511618
82.30043461184502
96.90550067757134
167.04512263260332
59.113762568224764
116.38005066572045
86.7226033520438
116.04356557563091
70.13970699334685
49.32155729120519
42.3213683763959
169.18777557144577
110.38887074664267
117.26354337642935
190.48764994463517
81.36202728901692
41.834680750975544
45.16364817342864
44.448926162321506
39.590703424792125
64.15658462292514
81.65897498851591
73.58359703424485
78.1283906817422
69.51616009929953
110.38959909445147
100.1119022076231
74.46066658179166
65.18756122410446
86.2893572257826
90.52152607733211
71.97285325713315
49.10793608809241
171.46940454459192
115.70224920379026
173.92575905882634
77.0164231616437
58.71084882966759
73.12084480436721
114.73767597182305
126.57140850104584
118.44048816374678
125.7530631564642
101.02256322282987
58.12063122769914
83.42195295994252
70.95014787509905
364.5545627441191
100.46099649161293
393.6072842710227
77.43590144766002
145.35797195071703
32.13341698971211
91.33732499543687
297.5497390043628
96.92926084547616
26.597256358917996
111.82586994236905
64.63579660267592
76.95128744762273
104.88437475495115
121.08082443323659
190.7905166416548
125.53298096599505
77.13669707353219
121.97124278454665
98.56408704415618
106.64103209734078
75.24623043926289
55.18276806545285
143.3796126031575
151.73638833912742
169.46270869323465
110.99920663064586
68.36663521034279
65.30550948167256
165.64474635561274
273.84962448388364
94.04734616365045
291.76946414420286
128.122487484931
274.12977829126646
77.38203442896425
273.2688646160179
69.24059019839714
90.15543632428101
67.07569786133796
273.53240593362426
65.90559276259845
52.825281009641415
256.96017772445543
99.39248371361933
89.38786909455722
43.72408732615826
69.3801625821168
161.28361317021623
62.839715488417916
52.10305419355811
55.96895241186566
91.45414126947506
132.95322633532552
326.1203477031294
76.70254180960724
105.68213410160517
94.047078218574
55.35930326194192
55.34600603231805
74.49222987557285
58.670983637634976
107.73612129995293
109.67250877145464
70.72477704842899
69.03348609138894
68.30232857194477
71.06344976238688
110.01340476114929
61.82411891181293
67.22035053689277
89.15675204924003
64.8789344418308
77.81175394650086
104.27379531911923
289.45092100688606
48.65909043648506
94.19550957961206
94.94954223335405
84.4523748865257
79.23066809342059
94.66135076912792
96.7616693635523
55.36678421485214
76.03037559208451
91.65474529211205
76.01866471877226
65.7052202507342
93.26695158771653
96.07355378761567
70.04052728094403
281.07758980552956
56.969439664424435
49.646297625936306
54.24977210537597
184.09951512060243
50.11181871696397
46.65734581361508
22.655759896217102
108.3147888514074
76.76378363407639
173.0140691218956
74.02919274685657
107.12543655344294
66.48301094962689
111.54525504913127
114.3290963933158
110.63570399155118
56.89372248701746
48.38623875032771
64.23432423400914
157.52674768794213
166.52975437298056
88.54482213718002
77.94946923024274
73.10019251185497
53.37082417499799
112.09270581682793
118.78098344963867
132.14447726683517
89.48346853502123
88.00013366782424
61.855732035438855
153.3237765471962
41.97004391121819
83.36533500102551
119.88557608054957
105.69189330033622
111.62932731947255
57.92576436429523
89.62865342212618
77.3308737035845
59.58077144010189
80.56769723731286
148.14189492629492
184.79740652733744
63.308180946084754
89.83007108255451
96.03159632233535
88.86293506122131
45.058945191191015
100.30232803379442
99.09636110658262
73.16740148085391
74.61657674472853
71.40022843872036
127.29583639978904
139.48165650950565
38.599305436922606
50.13477399271945
46.6337019492402
66.0632798021162
67.88859981448013
93.41215527158039
66.0106942827421
65.98568837741823
104.49462869789416
72.97273551786837
65.18037139610041
99.41227614075677
144.97122183604736
100.02948504727675
66.63725873220264
99.50871292567037
75.55601709320051
104.26464434118338
105.0920152173271
96.35954167329811
95.0281255551494
95.84334548753556
115.44156108736091
95.0419301834081
78.53895559513084
101.12924639930434
99.00485779864984
86.57230148152985
89.89096994331068
104.15134239410902
59.13938915509394
68.99334544071365
78.45900157032858
120.02200443381123
149.34798256407564
138.81395427319657
134.18678889958503
132.83054821261194
229.2468746019367
71.53131804919222
113.90846190293642
89.49661181983662
97.1558369469083
305.7297753476006
124.89371068548306
55.17360315030349
52.85960422581702
56.19267505283115
74.58245664067218
129.6072216917003
131.00931551782114
87.94383853266645
219.7845875037226
158.25514919801117
158.91210263969953
34.65448060578687
45.54457985105498
186.40551724398185
62.228374388769765
62.26945823600319
62.19367495675639
72.71544379085167
242.79548781584623
83.22180390837794
99.23818902574638
46.40556238656442
61.74935178296643
45.39179333780907
52.45616375191531
129.58709470581226
316.7632304723343
59.98745946740425
145.89262359905547
31.7671496832702
38.672165566805475
73.95294321418132
43.50564266761653
46.492663416265316
26.24997434170978
70.86961061088007
58.62717609485939
48.30000536164737
35.97304489519403
27.207957407972508
67.80638362402945
24.52692055240635
58.18339752341316
57.335894685718735
134.78767745894933
51.89049728452291
59.17483184642132
86.87834631303666
45.1025635976577
32.24300385875643
59.42950207076311
62.33737597081716
88.61620649276693
113.6395735169128
173.10914456120202
104.66748461170859
161.31497523118983
147.39312687290175
129.88089848521057
149.8677358698575
58.62118411229514
102.3613411059802
60.185645977856005
49.885612311244
145.9825691019766
85.87098893217397
56.546392404540256
26.575858892461287
112.01727534826537
102.98471706459358
109.5462090493646
122.04478356048328
131.26663502072125
96.264521208432
94.73055490021503
93.02631930633022
103.07368259849643
68.72591569055504
83.53433220934036
74.86421367217176
105.2192635132739
44.86544154081864
66.07147699301196
48.56016084362792
47.1654794995734
96.848640986055
145.05173256263473
75.99155742905853
72.84812593699021
93.31235926413162
137.85493657241634
226.50431099988933
75.90921339293348
173.41551377226594
176.77404220839026
103.34318944011063
166.44181211673805
50.11769758740588
50.76426665108369
75.48369533647282
90.78714807283316
108.10963718229087
140.38922868780506
87.37558311221854
137.28219760904315
108.32646479943806
57.14871216054372
49.485625754233155
33.61382588619185
100.39245779788513
33.421642736655805
125.33332514762363
127.87624553605883
90.4148484428695
64.29240720179506
47.453760542630164
98.07579590300358
33.06033781449113
110.82903190705684
111.1912074031909
41.435649265012295
119.54802186681651
119.35612205633205
122.11885477859146
116.0915856809954
68.829608138297
35.96648792136059
118.92916302296811
118.93544046765537
106.62886701736666
74.42069934138013
114.13565053116757
119.73453597036786
89.83974138884766
74.2627448942032
134.4669655372295
145.3624563728552
130.25170641276102
54.082685515344195
71.62935372265942
113.83348165365612
105.47571728714775
59.31287746655835
130.031493619395
139.8024276946282
78.67588721135083
163.66006893566396
88.79433397943461
99.42548387165972
106.68163833943792
111.24232009233899
61.55485063712679
73.21395684621093
114.97710745772017
204.56520379878734
96.961881853061
83.74425795971733
89.00746948717622
75.07761006725416
124.61991748778748
141.54794402046704
75.80632155193587
75.27539625084081
74.05386554915044
74.14811452911484
74.49284638966414
75.87974787242436
73.25391595437671
75.23689744236773
135.62008373456015
141.8872032297611
140.71635550096158
113.80994219372211
81.46928318646755
50.36424529848844
53.34681527783896
159.87905950194835
154.6621123162261
133.17504086186554
170.22489660623935
154.29112651597896
69.45620501354104
122.51222158584999
114.9160418965986
60.49082177801095
64.91912193390432
47.783730838677364
41.1038809619274
160.1518265098998
159.9491707298027
86.13213767206852
93.5040422006871
67.8928641120052
29.77588987083494
40.38963584046276
154.14927183140617
81.32521170807804
91.20956073372352
202.04522952131637
116.65603204905187
75.6915840207607
119.30439409334237
130.17653483479546
117.45014912131079
78.01401647827883
67.34828013836105
134.2529424570681
134.15645173017384
143.35263797613936
56.021966182581245
111.98499582204299
103.12101645000713
79.31787936375211
133.63159849421206
120.64385602118604
85.59595312476547
90.19237195144254
155.17300713814282
79.81741021945216
140.77907328500814
117.30235001077288
108.62448473892438
52.9388272632644
101.56052438211805
119.19264777494008
102.90785711985005
115.12013780370906
94.18420529140155
110.79456376405172
99.397601132899
96.84532443811794
103.6032293166262
153.82313687216885
98.39145145522389
116.60780773249661
122.50846030606189
146.40768845901258
139.68097967345724
139.76093538165415
139.1731218647178
86.60290749832616
139.39471799102282
88.49234593856097
137.82053977477008
138.71122369361217
132.4153328931606
115.41335273573992
138.6557512177374
138.18258450383442
138.70034376529526
138.83467573711857
138.0072749290143
139.6361500802118
87.33216490001271
111.55537888922572
104.88811374992633
139.6217688637916
138.7500932558754
137.91695791891593
146.22812436308516
138.63211144847554
95.29151125795697
113.26893174339345
138.93251961311546
139.61645654716955
139.01299766311263
139.06155980255377
87.69670048299581
138.83058301473682
157.82906471713883
118.01939260874113
108.92026116493273
126.70238631067528
138.88546273964266
91.8707656927545
139.68142839952893
109.70946324645577
139.57643068264687
139.39134668641256
140.21601226808727
138.15261866780963
141.3879987442629
136.1773712062813
139.1636522470643
139.09462186999914
138.2664878139624
138.40893529121522
146.22570040379432
121.65606888512288
92.80920791663
149.9597918802222
139.53743154251143
87.29188267263478
140.4630034388842
138.81377146255218
139.18931948157308
139.02602837580642
139.49022796654398
100.69133050662022
139.82237956594315
138.8729002077828
139.59603642510305
144.633735814047
139.25783704298405
140.14047257329943
139.1997021429007
139.8891548650493
139.43980837450113
139.46697008511126
140.31466010964462
97.13310643927424
131.73158001810364
127.05109801013997
86.60208559295323
98.75604029248129
105.56639938086748
139.42084644506102
114.18976163948484
156.60514508274503
107.05939187257871
90.50274352970789
139.15868420812868
120.32827980890384
138.67067774439153
138.3752966153996
102.17537649171102
86.65375626165857
139.02399585389884
139.64906478840462
136.5757402515975
92.85957308272721
88.31357114191341
135.7584704874588
114.92182099939734
138.47144916873793
136.25441293436606
157.8157921203774
139.68242247906232
103.37811324014943
139.07989509219303
139.84083178355633
104.45443514019411
139.35619767422975
139.29951168653432
136.08635703661287
139.02837965978438
140.37539894098484
142.831077031083
118.62650009115667
124.61741098103
104.62570179431275
87.20138000216444
118.79381313917247
90.30220098930174
128.54962205295692
105.36889817023177
117.81157540674222
102.57239501830138
113.65076833132531
199.439869164448
119.49568093449003
80.51261836086253
135.85116798012027
60.76398721729886
36.05244580829096
35.98280750339144
55.83031980539801
73.37556570714642
66.15310513607014
121.6614023138644
103.33918075618863
146.43340435120282
146.3221810767879
82.66651570101808
105.81014214125341
90.97513500033516
97.66161598725662
50.203643369098884
253.15556299336527
132.71416036332766
37.24120894731134
97.34697079538367
128.72880940977495
77.45052379969177
66.39376959937032
95.32055364115094
111.63472626081226
107.38169681909908
74.43211543755793
105.63108371441608
71.15108459146113
38.786422677089824
80.44605567927039
89.45905065055103
80.66020517028998
98.69458808673983
114.34575795640673
84.23513306096532
72.57775069102871
85.03215804749071
115.1032401041915
115.06874158492985
70.10567593357408
46.88846599500094
58.0273840296646
50.09291919655465
72.10392171657658
77.04198171110316
111.15078649175445
156.74245890628256
75.87140600327825
82.04468249994308
86.27810990106592
81.44425535544468
119.07670812107823
52.86915001408739
157.93006842874192
60.054035699754365
140.20069929191266
96.77627189886823
161.32104878220852
40.48877835381998
70.25998303404117
97.77880301338054
145.19672565775622
191.10997798135966
55.446760772766176
191.5054137391615
57.40088942802838
50.554413922418895
91.9551573103543
90.24426620958467
145.99870955646185
75.45020103773143
80.2828648804314
137.17445991461776
133.48904196722611
129.84860791702286
135.67087095249062
57.98697221357896
111.57628544432932
93.40030080644281
107.17172112468997
107.15919751516752
94.64420936262589
104.3216371588332
62.44399327060003
61.57121054601318
99.9904878534616
103.49760359429355
138.9416390851901
191.06362568569622
182.33702748653045
49.62210799824541
62.139856252643206
112.27778803605803
116.41102221556842
68.46418778449164
73.35316633235857
58.15295707761823
77.9982729236976
99.68385026802535
98.00857350475128
94.80344813723116
82.76636852563672
78.34944070770341
94.49386100992552
78.67095126366019
86.99762619865895
105.82440673743065
138.17087681464614
71.66050616877386
80.52553613442383
132.29450975608376
84.81952517132953
60.33759680598384
65.94122657661428
132.22909154711485
131.46395739310927
92.48587690945234
99.85978590503015
88.26026316063239
190.61558385482263
61.048610885714524
66.88585540588127
91.03044602834379
157.3606496556532
171.66799587750572
62.09491616001493
76.81424623963181
53.51444927971516
86.86178787327796
142.52138990987004
94.59519219017984
109.76549605735437
162.9398277014266
93.50536791714362
131.81864732765555
72.14421277631908
68.71091600428493
70.44414828703869
111.5046770088084
107.95173256685155
66.97998715852158
126.82764900466883
77.93576518065551
84.53075380021907
85.52794991168624
195.45567121889547
97.84510716453566
97.86738855196252
75.538726532523
76.98498756546856
143.71675488483538
145.50857257389347
141.35215739103165
58.2806463464058
153.0120587963242
143.50150759113558
138.7365776058831
200.01016085942103
187.88185037177078
194.5083779151468
142.60816676448533
126.4872926272651
72.69175237794686
69.97130038268882
76.96178680678851
169.03609619140707
57.17641265590457
167.70642238766368
167.83448202970015
167.7149862524374
167.88600087983892
167.68108514518664
149.4778953279172
167.89200600541596
60.20372999552532
167.8007418130715
195.89275696433873
167.8360401054734
195.73850537187394
73.36575942075999
87.15617828105393
167.75761016225178
168.22107366990835
104.44161561199404
167.65088759892697
168.0022044329951
104.49352525231592
91.02154138095412
104.3451215675494
96.3844329644334
168.0590317009317
104.41553888936586
38.93752721997435
106.31035256929015
167.87449162289002
92.48649229585082
167.88600087983892
168.16126174908774
167.91059484259011
163.4695483703534
196.55836837574026
162.38524498151884
167.97535743607958
163.6520364192663
162.40723045504538
168.1108954217682
196.59255003895302
167.82310638247574
195.6521243961002
167.95411008374586
195.76928717063333
168.06840642909967
167.92815524724494
233.0262426774699
196.5830726319152
81.85023525295418
167.67730612786988
167.80397234916913
167.77807063335374
72.89204014915133
80.27920176200281
167.76638925626207
146.94264391644256
108.89047672554562
167.80813796853906
167.81589098950525
169.98943807382955
167.870829838679
109.49783930825606
168.0103261140029
168.0022044329951
168.05961258777288
126.46741377361215
154.8270651598824
167.78123330026833
167.63178841163696
109.79156646703146
167.90294656124436
95.63841765274027
167.85609184120014
167.68965341081454
195.65516837039482
168.1079887599228
106.65269675652925
167.82983225239528
167.68108514518664
195.73073176402872
168.00258263549773
47.30079212572374
85.71063478625959
86.0185332344336
45.42684530239817
167.64577198725155
231.9865840525184
167.95411008374586
195.76928717063333
146.94264391644256
108.89047672554562
195.61690591739602
168.8054801162679
168.68238750183758
168.62259032917405
163.51068179128546
